12.000021875 -0.0963339642334002
11.911956375 -0.0979323986815999
11.72731553125 -0.100044520263701
11.5583238125 -0.1015612820435
11.3827838125 -0.103059122924801
11.20089409375 -0.104980471496601
11.0157115625 -0.106703226928701
10.83933465625 -0.108720133667001
10.66264721875 -0.1110491207886
10.47990575 -0.1128031567383
10.29917421875 -0.114598505859401
10.113745 -0.116355440979001
9.93692859375 -0.118037035827602
9.768027 -0.119569857482901
9.58251965625 -0.121204913024901
9.39603325 -0.1229506329346
9.22714890625 -0.1246176937866
9.0579110625 -0.1260509136963
8.889541 -0.127540858154301
8.7117605 -0.1293439129639
8.5338328125 -0.130852358703601
8.35803971875 -0.132277529602101
8.1878715625 -0.1338702420044
8.0099143125 -0.1354174069214
7.8325508125 -0.136979792480501
7.6639848125 -0.1384046582031
7.4787654375 -0.139783709411601
7.297973125 -0.1413650540161
7.13002246875 -0.142629397277801
6.960445875 -0.143905184631301
6.773579875 -0.1452755383301
6.608444984375 -0.146492808227501
6.423381890625 -0.147982218627901
6.24355609375 -0.149178126220701
6.06019365625 -0.150550730590801
5.876493546875 -0.1520541027832
5.71113775 -0.153215067749001
5.525601890625 -0.154567644958501
5.3580079375 -0.155518381958
5.171659625 -0.1564120510864
4.989523078125 -0.1575843838501
4.80826334375 -0.15848572052
4.639521359375 -0.159456141357401
4.45694465625 -0.1605458477783
4.288199984375 -0.1612896755981
4.1054110625 -0.1623554638672
3.93481915625 -0.162890017395
3.75630490625 -0.1634593609619
3.577080984375 -0.164346468811001
3.3999753125 -0.164911654357901
3.212757078125 -0.16545006073
3.03741290625 -0.165904429321301
2.8484788046875 -0.165667956237801
2.670467921875 -0.165637858276401
2.486006078125 -0.165538370971701
2.312987578125 -0.1653626660156
2.1421623359375 -0.164763987426801
1.9630383671875 -0.164024317627002
1.7764573359375 -0.162783129577601
1.5907866953125 -0.160674288635301
1.41338775390625 -0.158065379028301
1.22110805859375 -0.153943827514601
1.04056756640625 -0.148837702636701
0.86724925390625 -0.1418433789062
0.68539787109375 -0.131047976379401
0.503732689453125 -0.115244944458
0.312979412109375 -0.0885813931274004
0.125795075927734 -0.0421524456787008
-0.0431715075531006 0.0290442248535001
-0.209511367675781 0.116288678283698
-0.377221196289062 0.191501309509299
-0.544411912109375 0.249943959350599
-0.7186181328125 0.302718960876499
-0.87972447265625 0.349829327697799
-1.04301497265625 0.393394620056199
-1.21379975390625 0.421726338500999
-1.39111226953125 0.4355054446411
-1.55583862890625 0.440960270996099
-1.7327936484375 0.442549435729999
-1.9127491015625 0.441836087341299
-2.0861729296875 0.439196469421399
-2.2625085703125 0.4354835101318
-2.4359652578125 0.431338002319299
-2.6051917578125 0.426957699890099
-2.7809971875 0.4220832034302
-2.960876109375 0.416933819885299
-3.1342292265625 0.4115822573853
-3.3142191171875 0.406192090148899
-3.487315984375 0.400618588561999
-3.649939265625 0.395561368102999
-3.8349214375 0.389602315063499
-4.007391703125 0.383979680175798
-4.171577390625 0.378402783508299
-4.339927375 0.372212063903799
-4.5170693125 0.366417424316399
-4.68438928125 0.3606840487671
-4.8610346875 0.354887463684099
-5.036550515625 0.349585301513699
-5.208607984375 0.3436260577393
-5.37357884375 0.3378120394897
-5.54561353125 0.332108494872999
-5.712747515625 0.3257365008545
-5.885662640625 0.319563519592299
-6.05286903125 0.3137955828857
-6.2266849375 0.307316853637699
-6.39116953125 0.301435887451198
-6.574612484375 0.2947962542725
-6.7464489375 0.288718945617699
-6.9174433125 0.2826985903931
-7.08128753125 0.276483723754898
-7.262449625 0.269765278930699
-7.42884571875 0.2636168261719
-7.608850625 0.257157361145
-7.783704375 0.250678937072799
-7.9621491875 0.2444058200073
-8.1387466875 0.238200566406299
-8.31314046875 0.2316150637817
-8.4844815625 0.225239789123499
-8.6495405 0.219295842285199
-8.83245978125 0.21281165802
-9.00712775 0.206233594055199
-9.17285534375 0.200366284484899
-9.34972828125 0.193975484008799
-9.51596471875 0.187808339233399
-9.682647375 0.1817993899536
-9.860022375 0.1753741427612
-10.0375775 0.1687922640991
-10.21440521875 0.1621116992188
-10.38826296875 0.155494267578099
-10.55848921875 0.1494241305542
-10.7359530625 0.142835080261198
-10.90075775 0.136543728942899
-11.08227175 0.1307256671143
-11.2574243125 0.124130513305699
-11.42631434375 0.1178999682617
-11.597166125 0.111856724853499
-11.76188796875 0.105543400878899
-11.92819575 0.0988429995727991
-11.9992599375 0.0965512820434995
-12.00012109375 0.0963299533080999
-11.89419384375 0.099921185607899
-11.71599275 0.106551968688999
-11.547256 0.113197323913599
-11.376259125 0.1194580050659
-11.19567478125 0.126096875305199
-11.02715728125 0.132242962951699
-10.856046 0.138379590148899
-10.67551403125 0.145049283142098
-10.496095875 0.151775891418499
-10.32034465625 0.158055798645
-10.13481234375 0.164832265014599
-9.953815875 0.171774899597199
-9.76876184375 0.178457295532199
-9.59732328125 0.1845156832886
-9.41363365625 0.1915060397339
-9.2350066875 0.1981098910522
-9.06448603125 0.204365727539098
-8.88371746875 0.2111727114868
-8.70279484375 0.217857510681199
-8.52550046875 0.224413258666999
-8.35756115625 0.231194760436999
-8.18488309375 0.237639233703598
-8.0079378125 0.244141041870099
-7.82491434375 0.2509788867188
-7.64614815625 0.256760937805199
-7.477549375 0.262881009216299
-7.29657578125 0.269420659179699
-7.12816840625 0.2756622286987
-6.9581375 0.281846615905799
-6.78099821875 0.2882220812988
-6.599240453125 0.294757954711899
-6.418640671875 0.301305348510699
-6.2342290625 0.307757145996099
-6.061543046875 0.314322239990199
-5.883328484375 0.320903203124999
-5.699397140625 0.3271411486816
-5.52272128125 0.333596837158199
-5.353541 0.339301182861298
-5.181297890625 0.344926755065899
-4.9995635 0.351359364623999
-4.824460203125 0.3573868914795
-4.650156703125 0.363365094299299
-4.465460015625 0.370043294067399
-4.2854395 0.3764147158813
-4.10779975 0.382519147033699
-3.929602015625 0.3882261248779
-3.745610203125 0.394541165466299
-3.574540203125 0.399969632263199
-3.39366203125 0.405653683776899
-3.2258592265625 0.4109174700928
-3.0532990625 0.416357075805699
-2.87398984375 0.422190892333999
-2.7042881015625 0.427143742675799
-2.5178251328125 0.4327061434937
-2.3361234609375 0.437771718139599
-2.157303359375 0.442680699462899
-1.9850631953125 0.447261731262198
-1.812267640625 0.451280552978499
-1.63233396484375 0.4549973269653
-1.4485814921875 0.458580624694799
-1.26856247265625 0.461033627624499
-1.08224529296875 0.4625309725952
-0.89477975390625 0.4625807543945
-0.71852959765625 0.460006062622099
-0.534906521484375 0.4528037234497
-0.35095475390625 0.436617428893999
-0.177526323486328 0.4078419848633
-0.00510159209442139 0.347985379333499
0.169884496582031 0.259409749145499
0.344993077148437 0.173703801269498
0.5045668984375 0.1098166629028
0.68032918359375 0.0493790408325001
0.83802495703125 -0.00727318084719997
1.00615083203125 -0.0660225704956012
1.1699078828125 -0.109668238525401
1.33827996484375 -0.1348913983154
1.50010219140625 -0.147459147338902
1.66405690625 -0.154331095581101
1.8361301328125 -0.158666956787101
2.0023462890625 -0.161123240356401
2.1755284453125 -0.162441370849601
2.3452050390625 -0.163377116088901
2.5075456796875 -0.164162905578602
2.67491503125 -0.1643999127197
2.8457697578125 -0.164568026428201
3.010542984375 -0.1643120220947
3.187843796875 -0.1643769482422
3.365713421875 -0.163844378356901
3.54072884375 -0.1632229641724
3.714979109375 -0.162680781250002
3.88793084375 -0.1620811108398
4.05383903125 -0.161186106567401
4.219518328125 -0.160274851684601
4.40038371875 -0.159430582885701
4.57789846875 -0.158445475463902
4.753760984375 -0.157421267395002
4.9230888125 -0.156986010437
5.096804125 -0.1561645535278
5.260371 -0.1551258877563
5.439566046875 -0.1540408352661
5.605522734375 -0.1530162838745
5.77371725 -0.1519632748413
5.94911384375 -0.150699274902301
6.122066421875 -0.149614375000001
6.2995751875 -0.148391878967301
6.46276471875 -0.146342432861301
6.640449125 -0.144940836792001
6.8181924375 -0.1437487438965
6.9818045625 -0.1424425152588
7.161800625 -0.141269877319301
7.349880125 -0.140047495727501
7.521839875 -0.1385846356201
7.70221209375 -0.1371175411987
7.87420590625 -0.135516817932102
8.0429611875 -0.133932497863801
8.21423303125 -0.132542231445301
8.3916136875 -0.131017878418001
8.572237375 -0.1296389416504
8.7466026875 -0.1278622845459
8.9266020625 -0.126028216247601
9.09140159375 -0.1246873883057
9.2716423125 -0.123044932251
9.4452393125 -0.121223376159701
9.60884346875 -0.119843562011701
9.788867375 -0.1180178097534
9.954105625 -0.116554644470201
10.12042253125 -0.115030444030801
10.300575875 -0.113192637329101
10.47587609375 -0.111666033630401
10.640556625 -0.110149500732401
10.81993415625 -0.1081861904907
10.99799515625 -0.106546366577101
11.18157125 -0.104801943664501
11.35355353125 -0.1029607037354
11.533642125 -0.101215021972701
11.7101063125 -0.0993233898926
11.88482828125 -0.0974318341064002
12.00188721875 -0.0960641888428011
12.00011328125 -0.0962017468262015
