12.00011328125 -0.264770125732401
11.914541125 -0.2636273187256
11.72980165625 -0.264127807006801
11.54842825 -0.2648706048584
11.365121875 -0.265265044555701
11.199865125 -0.265914496765101
11.01624303125 -0.266250838623
10.838688625 -0.267033805236801
10.65858040625 -0.2678701394653
10.489816 -0.268377341613801
10.30765803125 -0.269015426025401
10.127367375 -0.269630317077601
9.9582415625 -0.269945296630901
9.7876994375 -0.270354155883801
9.6196025 -0.271106757507301
9.4450466875 -0.2715920632935
9.2783333125 -0.2719702142334
9.0924443125 -0.2728055566406
8.92946565625 -0.2731169122314
8.74852828125 -0.2736826318359
8.56758971875 -0.274179152832
8.40062940625 -0.274699935302701
8.21707453125 -0.2751914208984
8.0452418125 -0.2755736154175
7.880718875 -0.2758755487061
7.69508015625 -0.2762804788208
7.51378015625 -0.277319487915001
7.33949303125 -0.2776023095703
7.1573931875 -0.278033828125
6.99008496875 -0.278266677246101
6.80730965625 -0.2785759347534
6.627116578125 -0.278569602356001
6.461731421875 -0.278821639404301
6.2804721875 -0.2791958612061
6.096580671875 -0.279413489685101
5.92705259375 -0.279985923156701
5.751834015625 -0.2800709146118
5.570511109375 -0.2802350991821
5.389599578125 -0.2803687661743
5.20729996875 -0.2803724664307
5.03848315625 -0.280468062744101
4.855680265625 -0.2804183953857
4.6902809375 -0.280261840210001
4.50749128125 -0.2801472848511
4.338731 -0.279992713317901
4.157274796875 -0.2796109765625
3.988466375 -0.2794429391479
3.819597640625 -0.2791221231079
3.6338604375 -0.278377036438
3.455091625 -0.277815436706501
3.286476875 -0.277040175781201
3.1175339453125 -0.276211280212401
2.950430734375 -0.2753208535767
2.7627622109375 -0.2736760324097
2.5852806015625 -0.2722968667603
2.4175118515625 -0.2704288476562
2.2464684609375 -0.268324164733901
2.06456203125 -0.265756415710401
1.884783953125 -0.262551421508801
1.7170732421875 -0.2591822427368
1.5497706015625 -0.254682273254401
1.378955109375 -0.2495217507935
1.20583226171875 -0.242476157531701
1.026489375 -0.2337921517944
0.854907033203125 -0.2226226419067
0.66812423046875 -0.2070908731079
0.4942991796875 -0.1868386453247
0.320050303710937 -0.1592227929687
0.145545039794922 -0.119373740539501
-0.0211505641708374 -0.0648217767334014
-0.199744677734375 0.00541938842769873
-0.379202090820313 0.0728033834838993
-0.553173677734375 0.129438667907699
-0.724130041015625 0.1761380010986
-0.8967955234375 0.2180205541992
-1.05873875390625 0.255846291198699
-1.234146640625 0.296916504516599
-1.4097027578125 0.336158371582
-1.57295262890625 0.3701555258179
-1.7484572421875 0.399599152221699
-1.9261587109375 0.419940605773899
-2.0895351953125 0.431141739501999
-2.2508125859375 0.438197098388699
-2.430138828125 0.4427848059082
-2.6096179453125 0.445285034789999
-2.782172453125 0.446109467163099
-2.960841171875 0.4457543951416
-3.1320923203125 0.444875145568799
-3.3120174921875 0.443259926452599
-3.484581828125 0.4412542730713
-3.648240890625 0.439157181396499
-3.812894734375 0.4370026022339
-3.992223734375 0.434336395874
-4.1596355625 0.4317874533081
-4.336312953125 0.428524437561
-4.50165559375 0.4257396704102
-4.6804428125 0.4226951986694
-4.861021328125 0.419685478820799
-5.028254 0.416833305969199
-5.193010640625 0.4138043218994
-5.358051796875 0.4107023626709
-5.523499671875 0.407581368102999
-5.686516875 0.40446056427
-5.851088953125 0.4011370855713
-6.0285296875 0.397515831604
-6.205887828125 0.393997727050799
-6.37716325 0.390467911377
-6.544904375 0.386938858642599
-6.7183895 0.383317146911599
-6.88961509375 0.379841080322299
-7.070357625 0.375956154479999
-7.24416340625 0.3720762640381
-7.40979915625 0.3684880072021
-7.58085475 0.3647864157104
-7.75942184375 0.3608557516479
-7.93829121875 0.3569441992188
-8.10146934375 0.353466339721699
-8.27901990625 0.349619675292999
-8.442477875 0.3459488302612
-8.62156384375 0.3419799047852
-8.799734375 0.3381820684814
-8.98123934375 0.3342863851929
-9.1542540625 0.330252533569299
-9.33269990625 0.3261842733765
-9.510100875 0.322117882385299
-9.69122084375 0.317586937561
-9.86876346875 0.3135530096436
-10.0332378125 0.3096683889771
-10.21033521875 0.305684281005899
-10.3833125 0.302169228210399
-10.56093028125 0.298327675476099
-10.74030125 0.2941525656128
-10.90220965625 0.2902525717163
-11.08354684375 0.2860828787231
-11.2540855 0.2817977911377
-11.4303295 0.277760353698699
-11.61027803125 0.273665352478
-11.78186465625 0.2692265325928
-11.9525055 0.2659304052734
-11.999971875 0.264770508422899
-11.90236296875 0.267109718933099
-11.7158775 0.271510277404799
-11.547702875 0.2753877264404
-11.36232759375 0.279831467285199
-11.17999140625 0.2843421179199
-10.9999273125 0.288612862243699
-10.81651590625 0.292807007446299
-10.64112265625 0.2967958456421
-10.455238875 0.300853920593299
-10.2824405625 0.3050254827881
-10.10038025 0.309235115661599
-9.919814375 0.3133643728638
-9.7368644375 0.3175836569214
-9.56814446875 0.3214112097168
-9.4017481875 0.3250210958862
-9.21795315625 0.329353027954099
-9.0415608125 0.333158760681199
-8.856448875 0.337151528015099
-8.67888265625 0.3412390142822
-8.5047903125 0.345119782104499
-8.33920678125 0.3486117559814
-8.1698035625 0.3515848165894
-7.98559365625 0.3555456930542
-7.8084478125 0.3593807608032
-7.63384009375 0.363131600036599
-7.46392803125 0.366952324523899
-7.295377875 0.3707618338013
-7.13180578125 0.3742417150879
-6.95017709375 0.378092041625999
-6.77587646875 0.381675034179699
-6.609427203125 0.385941048278799
-6.424873875 0.3895545584106
-6.2490559375 0.3933670812988
-6.08177371875 0.396518288269
-5.89833434375 0.400304031982399
-5.720128828125 0.4036298376465
-5.545031453125 0.407308350219699
-5.37652878125 0.4105436712646
-5.2017870625 0.414050217285199
-5.01640853125 0.4180434423828
-4.840913109375 0.4213896948242
-4.65989140625 0.424648056640599
-4.47558784375 0.4279905706787
-4.297029171875 0.431355095519999
-4.127194296875 0.434526215209999
-3.958189828125 0.4372612387085
-3.789389 0.4401683432007
-3.606542546875 0.4429848104858
-3.43606896875 0.4457469564819
-3.2700127109375 0.447847862853999
-3.0855375234375 0.450369148864699
-2.907488328125 0.4526153570557
-2.7303432265625 0.454331169738799
-2.5467618671875 0.456076584472699
-2.377698015625 0.4574211126709
-2.1954070546875 0.458880272522
-2.0287722890625 0.459745255127
-1.857359609375 0.459419708862299
-1.68864602734375 0.4593890768433
-1.519522359375 0.458613815918
-1.330656 0.4567384725952
-1.1465790859375 0.4538738638306
-0.97406218359375 0.4492504507446
-0.785636654296875 0.4411520773315
-0.605250111328125 0.4285234457397
-0.417013336914063 0.408794747009299
-0.231088849609375 0.377984848632799
-0.0482731672515869 0.330143547668499
0.138187583740234 0.2617124563599
0.303782325195312 0.196356583251999
0.473512965820312 0.1350140768433
0.639828390625 0.0832381063843002
0.798182595703125 0.0411729055786001
0.95973517578125 -4.83855590800886E-4
1.12198083203125 -0.0423395150757013
1.30174444140625 -0.0909677117920005
1.47140805078125 -0.136161383972201
1.64679941796875 -0.1792697137451
1.8067356796875 -0.210081557617201
1.9723047578125 -0.232219809875501
2.14993003125 -0.2475140374756
2.32582425 -0.2569458383179
2.49038575 -0.2629317849731
2.664439453125 -0.2673241799927
2.8391796796875 -0.271048583374
3.001236640625 -0.2730384820557
3.1796571953125 -0.274898833618201
3.358171671875 -0.276277808532701
3.521815921875 -0.2768994515991
3.70204809375 -0.277829627380401
3.880491046875 -0.2783682626343
4.05809428125 -0.278776931152301
4.2401688125 -0.279490508422901
4.409726703125 -0.280177840576201
4.58851725 -0.280468100891101
4.753705796875 -0.2805711740112
4.931653328125 -0.2805139535522
5.111138375 -0.280488318786601
5.282676921875 -0.280557135925301
5.4600656875 -0.280553244934101
5.6374045625 -0.2804805368042
5.80509265625 -0.280115241394
5.978331859375 -0.2797852700806
6.140598828125 -0.279662856445301
6.320522453125 -0.2793037789917
6.492580921875 -0.279284781799301
6.65845246875 -0.278828658447301
6.8361708125 -0.278595694885301
7.01488065625 -0.278358802185101
7.1919769375 -0.277984618530301
7.37536209375 -0.277537345275901
7.53903303125 -0.277467498168901
7.7162155 -0.2770051950073
7.87921659375 -0.276489791259801
8.0430575 -0.2763341897583
8.22010621875 -0.275660323486301
8.40018478125 -0.275175170288101
8.57924125 -0.2747126763916
8.74237621875 -0.274372672424301
8.9238803125 -0.2742990487671
9.09581515625 -0.273714713439901
9.25660359375 -0.2732830041504
9.41829259375 -0.2728016656494
9.58322803125 -0.272194518432601
9.7476876875 -0.2721483224487
9.91206571875 -0.2715258782959
10.08912221875 -0.2707768243408
10.2539569375 -0.270287780151401
10.42691046875 -0.269337310180701
10.58746759375 -0.268476867065401
10.749102375 -0.267976340637201
10.91203146875 -0.2672735971069
11.09156215625 -0.2665785211182
11.27078275 -0.266076888427701
11.449022125 -0.265320548400901
11.62841525 -0.2646025460815
11.79878125 -0.2639379876709
11.96169528125 -0.263029555664101
12.00053278125 -0.2627317803955
