11.90229484375 -0.3571681610107
11.71541053125 -0.3581229034424
11.53249271875 -0.359791032409699
11.3494631875 -0.360670434570299
11.16844034375 -0.3612395492554
10.98796153125 -0.362232362365699
10.8176423125 -0.3624569335937
10.64268984375 -0.3624269500732
10.4746880625 -0.3629963699341
10.30743178125 -0.3634434524536
10.13745165625 -0.363917161560099
9.9678814375 -0.364951516723599
9.78453621875 -0.365339089965799
9.61666028125 -0.365873681640599
9.44867790625 -0.3664235321045
9.262928 -0.366859552001999
9.07918840625 -0.366983262634299
8.89686525 -0.3671513381958
8.68388528125 -0.367522012329099
8.48579240625 -0.367823144531199
8.3066294375 -0.367744294738799
8.1257975625 -0.3680574813843
7.95875565625 -0.368114930725099
7.7751963125 -0.3682333770752
7.58977625 -0.3679639068604
7.40731940625 -0.367777597045899
7.24024575 -0.3677929321289
7.0580483125 -0.367647706604
6.8811925 -0.367751657104499
6.697236375 -0.3676766983032
6.514719515625 -0.3671950927734
6.3463824375 -0.366591569518999
6.17700746875 -0.365885087585399
5.99947725 -0.3646488967896
5.818758421875 -0.3639880004883
5.650597984375 -0.363144113159199
5.469298953125 -0.3625595489502
5.28817659375 -0.3616105667114
5.110183890625 -0.3603768173218
4.92757596875 -0.359059106445299
4.75850765625 -0.3578059402466
4.575972 -0.3564659515381
4.401336296875 -0.3555030075073
4.21837884375 -0.353245545959499
4.052504203125 -0.3515728012085
3.88814096875 -0.349685594177199
3.70199184375 -0.3464826599121
3.52200065625 -0.3438281646729
3.337676640625 -0.3406003204346
3.1627701328125 -0.337865296936
2.9923312890625 -0.3342517105103
2.8146638515625 -0.3303591171265
2.6472623515625 -0.3267149749756
2.478126109375 -0.32228775177
2.3069773203125 -0.317432557678199
2.136053921875 -0.312193872070299
1.9563991484375 -0.306327668762199
1.792597640625 -0.3000977340698
1.60961351953125 -0.2926415267944
1.43757871484375 -0.2843639007568
1.25862606640625 -0.274395715332
1.080317828125 -0.2638033691406
0.9022053671875 -0.2517479721069
0.7170555546875 -0.237385331726099
0.538227892578125 -0.222165376281698
0.353855688476563 -0.203675195312499
0.171333502685547 -0.183384286498999
-0.0119994000988007 -0.160751992797898
-0.192055487304687 -0.136643716430701
-0.3564941171875 -0.112731896972701
-0.51764184765625 -0.0899079528808997
-0.67844881640625 -0.0673518005371001
-0.848341623046875 -0.0441725555419978
-1.01991667578125 -0.021343576049798
-1.188948578125 -4.43917846698838E-4
-1.34746008203125 0.018146551513702
-1.50952368359375 0.036763418579099
-1.6735711796875 0.0543300994873022
-1.8454349140625 0.0720083221435992
-2.0089521015625 0.0875433715820009
-2.188451109375 0.1033918365479
-2.361867 0.119057043457001
-2.5293531875 0.133457754516602
-2.7082362109375 0.148534429931601
-2.8892436875 0.163935964965802
-3.066165125 0.178928488159201
-3.2342854453125 0.192657049560502
-3.4068283125 0.2073711761475
-3.57033321875 0.221657141113301
-3.749164875 0.237089117431601
-3.914179015625 0.2515241607666
-4.088922234375 0.267293432617201
-4.2677094375 0.282928274536101
-4.429488296875 0.296237371826201
-4.60685575 0.310590170288101
-4.78724171875 0.3238607391357
-4.949868171875 0.3340837463379
-5.130194046875 0.344122122192399
-5.304594875 0.352586782836902
-5.482100265625 0.359840505981399
-5.663344015625 0.366198156738299
-5.838393859375 0.370832174682601
-6.0006451875 0.374820135498002
-6.1785665 0.378461035156199
-6.360258703125 0.381150549316402
-6.54069765625 0.3835781463623
-6.720174875 0.385552404785201
-6.8909165 0.386798437500001
-7.06727615625 0.3880091461182
-7.24229078125 0.389189108276401
-7.415261375 0.3899372467041
-7.57903996875 0.390238760376
-7.74533971875 0.390158651733401
-7.92139684375 0.390186270141601
-8.09533615625 0.389715765380899
-8.26057884375 0.3892117675781
-8.43128203125 0.388607061767601
-8.61092321875 0.387823980712902
-8.79006240625 0.387596624755901
-8.96921528125 0.386405065918002
-9.13063125 0.385435369873001
-9.29280421875 0.384380758667
-9.47185846875 0.382784155273402
-9.6461670625 0.381095999145501
-9.819063875 0.3797366699219
-9.9821263125 0.3782651123047
-10.1627216875 0.376660726928701
-10.3343643125 0.374355352783201
-10.49587478125 0.372717398071302
-10.660170625 0.370790823364299
-10.837493 0.369011572265599
-11.0003339375 0.367757833862299
-11.17952296875 0.366538122558602
-11.35728421875 0.364494894409201
-11.52192390625 0.362661550903301
-11.69891659375 0.360197103881802
-11.87728125 0.3580132659912
-11.9907655 0.356751821899401
-11.99990859375 0.357168768310501
-11.89976003125 0.357268865966802
-11.72088696875 0.3595067199707
-11.5393345 0.3621349700928
-11.370867625 0.3643829711914
-11.189008625 0.3665210327148
-11.005304875 0.368618963623
-10.8147899375 0.371209066772501
-10.63075559375 0.372967718505901
-10.44731134375 0.375278967285201
-10.2636701875 0.377234075927699
-10.0885036875 0.379236334228501
-9.9184781875 0.381449468994102
-9.74090053125 0.383325689697301
-9.56347459375 0.385166433715799
-9.389063875 0.387134512329101
-9.21205053125 0.3888301452637
-9.0358654375 0.390552557372999
-8.86774128125 0.391926992797902
-8.693139375 0.3937221130371
-8.52638178125 0.395502890014601
-8.35736490625 0.3970117553711
-8.18880353125 0.398404806518602
-8.0131861875 0.4000774749756
-7.83687775 0.401409872436499
-7.6598043125 0.403088644409202
-7.47741778125 0.404275854492202
-7.291524 0.4058681091309
-7.11554646875 0.4070829376221
-6.94660875 0.4081227478027
-6.7778593125 0.408721807861301
-6.6015983125 0.4100796112061
-6.42049203125 0.411485861206099
-6.23505715625 0.412573736572302
-6.0558341875 0.413808782959002
-5.87945871875 0.415024526977501
-5.704423671875 0.4160900482178
-5.5364355 0.416804083252
-5.367031921875 0.417277410888701
-5.190093078125 0.4181023773193
-5.008891390625 0.4187476715088
-4.82773828125 0.419056661987302
-4.646409375 0.419591329956102
-4.474908015625 0.419440267944299
-4.308459125 0.419347036743201
-4.12381765625 0.4193700775146
-3.94851190625 0.419178656005901
-3.766349125 0.418670614624002
-3.598653703125 0.418233374023401
-3.415407640625 0.417399938964799
-3.2457353828125 0.416353491210902
-3.070334328125 0.415234487915001
-2.8886330078125 0.413667791748001
-2.704176953125 0.411717642211901
-2.521107828125 0.409013174438499
-2.338792046875 0.406209371948201
-2.1552591328125 0.4024622711182
-1.9858483515625 0.398080099487302
-1.8160137421875 0.3936949523926
-1.638185390625 0.3883815368652
-1.4540930234375 0.381357153320302
-1.2727358515625 0.374528540039101
-1.09098516015625 0.365833166503901
-0.90450895703125 0.3548626312256
-0.7192787421875 0.342604559326201
-0.54547201953125 0.328715475463902
-0.3561809375 0.3113290771484
-0.168754351074219 0.291758612060502
0.00193235989379883 0.271437033081099
0.176031384277344 0.2488581451416
0.347147823242188 0.2258221038818
0.50359419140625 0.20314609375
0.67559103125 0.1786606964111
0.8426217109375 0.155642202758802
1.01808688671875 0.1322018798828
1.17898726953125 0.111116903686501
1.341468125 0.0906008514403993
1.5343190703125 0.0679529937744014
1.7116911796875 0.048378713989301
1.889100328125 0.030136145019501
2.0640751953125 0.0130419525146017
2.245225921875 -0.00458675537110054
2.4080165234375 -0.0199119964599994
2.5731773359375 -0.0358483520507988
2.7519290390625 -0.052876550293
2.9291733671875 -0.0695576873778982
3.0923293984375 -0.0854825988770003
3.2725119296875 -0.1028760925293
3.440370375 -0.119511987304698
3.6177096875 -0.137767068481399
3.780157296875 -0.154731256103499
3.959206328125 -0.174609796142601
4.140581875 -0.194540368652298
4.318747046875 -0.214348031616201
4.483941265625 -0.232145310974099
4.660906375 -0.250121842956499
4.841120171875 -0.267235795593299
5.0146891875 -0.282069512939499
5.192236703125 -0.294797174072299
5.37898846875 -0.306264230346699
5.558820265625 -0.3159742370605
5.73213315625 -0.323147126769999
5.911644265625 -0.329812928772
6.097663953125 -0.3355656448364
6.269515109375 -0.340122796630899
6.45045725 -0.344788056945799
6.63041359375 -0.3486804595947
6.80255128125 -0.351235810852
6.98038978125 -0.353817979431199
7.15856928125 -0.355749208068799
7.338544875 -0.3569823852539
7.5038815 -0.358334848022499
7.67494278125 -0.3596334854126
7.83881878125 -0.3604778686523
8.0198186875 -0.3612554946899
8.1915665625 -0.362036820983899
8.37517478125 -0.362330934143099
8.54719003125 -0.363087426757799
8.7130886875 -0.363131372070299
8.88530221875 -0.363323632812499
9.06275196875 -0.363655854797399
9.23448746875 -0.363537484741199
9.39849946875 -0.3634228912354
9.5805429375 -0.362999192810099
9.758137625 -0.362709085082999
9.92114228125 -0.3625257125854
10.09943284375 -0.3621475616455
10.266366 -0.3618600479126
10.42941596875 -0.3616709915161
10.60113225 -0.361514283752399
10.77932328125 -0.3608079162598
10.9436654375 -0.360326310729999
11.10733696875 -0.3594781890869
11.2696295625 -0.3586565795898
11.4540468125 -0.358087121581999
11.6246378125 -0.357384187316899
11.7972168125 -0.356445924377399
11.97131446875 -0.355622712707499
12.000593625 -0.3556074539185
