11.9998453125 0.339120669555701
11.90920359375 0.331139712524401
11.74049453125 0.3289239837646
11.55927303125 0.326483645629899
11.3835086875 0.325285067749
11.2164368125 0.322962222289998
11.0483249375 0.320574221801799
10.88331215625 0.318416552734398
10.714074 0.3161970855713
10.5454420625 0.314219393920901
10.38140725 0.311972537231398
10.2009625625 0.309524645996099
10.020311625 0.306961093139599
9.8369390625 0.303647189331098
9.66849871875 0.301214480590801
9.48747978125 0.298559222412099
9.32091253125 0.2962330963135
9.1345066875 0.294049487304701
8.9540394375 0.291324954223601
8.78655775 0.288988070678698
8.6117846875 0.2865732910156
8.426504 0.283725543212899
8.24808328125 0.2814540435791
8.0796273125 0.2785814239502
7.8972440625 0.275888934326201
7.7303733125 0.2728551818848
7.5554369375 0.270330691528301
7.38541725 0.2676027252197
7.219936875 0.2653187133789
7.0387694375 0.262319827270499
6.87202559375 0.259687609863299
6.68728765625 0.2568271209717
6.518850765625 0.254225955200198
6.337917921875 0.251158328247101
6.1552004375 0.247708468627899
5.9847863125 0.2442454864502
5.801564453125 0.2405466033936
5.617653546875 0.237101626586899
5.451754828125 0.233999514770499
5.26686596875 0.230259814453099
5.079758453125 0.227244677734401
4.898556546875 0.223543048095699
4.729805484375 0.220120425415001
4.544108328125 0.2161780883789
4.35940703125 0.212032580566401
4.182601328125 0.208209490966798
3.996133 0.2043552734375
3.81895284375 0.200401873779299
3.6446208125 0.196833911132799
3.4685659375 0.192887530517599
3.2839299140625 0.188612857055698
3.114501609375 0.1848122741699
2.9390346796875 0.180587191772499
2.7618204453125 0.175708956909201
2.5780589921875 0.171338687133801
2.41072196875 0.1672436859131
2.226738203125 0.162526049804701
2.05211321875 0.158124270629898
1.872689765625 0.1534549285889
1.68910845703125 0.148653063964801
1.5064529453125 0.144080691528298
1.3345064453125 0.139137606811499
1.1489010546875 0.134132266235401
0.980429421875 0.1291776611328
0.80834950390625 0.124116244506798
0.637451990234375 0.119295230102498
0.46179791015625 0.113351550293
0.272333777832031 0.107561297607401
0.0841890549316406 0.101598696899398
-0.0824401513977051 0.0958835937499991
-0.244393465332031 0.0908275177001983
-0.422732166992187 0.0845799591063994
-0.588444994140625 0.0793581726073995
-0.748439109375 0.0739261962891007
-0.90961901953125 0.0683604766845995
-1.071136046875 0.0627224304198997
-1.2472658203125 0.056519808960001
-1.4098971875 0.0508052398682004
-1.5911696875 0.0443994476318004
-1.76853040625 0.0381141998290992
-1.928709046875 0.0329425384521009
-2.0922215390625 0.0267811920165997
-2.270091328125 0.020554309081998
-2.4447716796875 0.0142358734130994
-2.61899765625 0.00717288513179781
-2.7848677109375 0.00103831787109954
-2.9562300703125 -0.00530651550290173
-3.1256070078125 -0.0116361663818019
-3.2910746015625 -0.0176222656250005
-3.470153296875 -0.0240879486084005
-3.632273578125 -0.0305133483887019
-3.809659328125 -0.0371524475098006
-3.987833625 -0.0436846588135005
-4.1516725625 -0.0500633666991988
-4.33061165625 -0.0565760467529017
-4.5081886875 -0.0630660675049022
-4.673713734375 -0.0691970489502012
-4.83625759375 -0.0753496978759998
-4.9985010625 -0.0810902069091988
-5.1759635 -0.0877762268066
-5.340126359375 -0.0937549255371017
-5.519402921875 -0.1002756164551
-5.692778171875 -0.106166653442401
-5.858717734375 -0.111780056762701
-6.039843421875 -0.118274044799801
-6.220284859375 -0.124680142211901
-6.39744003125 -0.130897488403299
-6.57278 -0.136944927978501
-6.7532540625 -0.1434619567871
-6.92474365625 -0.149371762085
-7.08714334375 -0.1548917816162
-7.25308496875 -0.161607785034199
-7.41858596875 -0.167361035156201
-7.58383203125 -0.17332394104
-7.76289428125 -0.179917034912101
-7.94148846875 -0.186378445434599
-8.12211325 -0.1930501220703
-8.29988471875 -0.200346188354501
-8.47669203125 -0.206687207031301
-8.64165584375 -0.213044018554701
-8.82024884375 -0.219686779785199
-8.9992589375 -0.226589550781199
-9.176786875 -0.233324017333999
-9.34287459375 -0.240024456787101
-9.5200015 -0.2469479034424
-9.68807225 -0.253377270507801
-9.85003903125 -0.2592637298584
-10.02940946875 -0.2664717529297
-10.210722 -0.273488049316402
-10.39266015625 -0.280461010742201
-10.5692968125 -0.2869207427979
-10.73276640625 -0.2931396911621
-10.91128325 -0.299232296752901
-11.084260125 -0.305508389282199
-11.25661621875 -0.3113745544434
-11.42062709375 -0.317383236694301
-11.59154334375 -0.3230480621338
-11.7677995625 -0.328647961425801
-11.93743496875 -0.334342541503901
-11.9993491875 -0.3372643707275
-11.99989453125 -0.339120526123001
-11.902930375 -0.338329739379901
-11.71579109375 -0.335988735961902
-11.5482658125 -0.334049114990201
-11.37643015625 -0.332113690185501
-11.21182759375 -0.330490841674802
-11.03126246875 -0.328526425170899
-10.84483815625 -0.326361126708999
-10.66753675 -0.3246650360107
-10.4766265 -0.3221512268066
-10.29492403125 -0.320089077758801
-10.1260488125 -0.318170819091801
-9.95189634375 -0.3160635803223
-9.76694759375 -0.313672756957999
-9.59073996875 -0.311563381957999
-9.41005509375 -0.309577450561502
-9.2261613125 -0.3073925445557
-9.0523105625 -0.305164990234399
-8.87110690625 -0.302850308227502
-8.69024878125 -0.300645642089801
-8.50644240625 -0.298243222045901
-8.3251684375 -0.295929379272501
-8.14981415625 -0.294011196899401
-7.965127125 -0.291500973510701
-7.7884673125 -0.289335522460899
-7.6031651875 -0.286680035400401
-7.424567625 -0.284323544311501
-7.25784315625 -0.282011990356402
-7.0747075 -0.2799877593994
-6.90705815625 -0.2775691650391
-6.72292209375 -0.275048718261701
-6.54031884375 -0.272534680175802
-6.357694328125 -0.269930004882802
-6.185109078125 -0.267408032226601
-6.014819640625 -0.264633145141602
-5.844281953125 -0.2621294067383
-5.668203328125 -0.2594240234375
-5.4929495 -0.256842236328101
-5.3261294375 -0.254324536132799
-5.15772078125 -0.252147869872999
-4.982509875 -0.2491608856201
-4.8013431875 -0.246219677734402
-4.60776975 -0.2428500793457
-4.437264296875 -0.2404141662598
-4.2686736875 -0.237600979614299
-4.085686640625 -0.234643673706099
-3.9164156875 -0.2317831848145
-3.748291359375 -0.228868450927699
-3.5809925 -0.2254884765625
-3.399398453125 -0.2222833679199
-3.21481578125 -0.218547482299801
-3.038312203125 -0.215040707397499
-2.8530144375 -0.211733288574202
-2.666774671875 -0.2080831573486
-2.4912656015625 -0.204633831787099
-2.306479640625 -0.2007872436523
-2.1379964375 -0.197420468139601
-1.965461890625 -0.194543041992201
-1.798258609375 -0.190941357421899
-1.629351359375 -0.187400250244099
-1.43518534375 -0.1836298034668
-1.2652807578125 -0.179295010376002
-1.08662925 -0.174973721313499
-0.9162277578125 -0.1712418792725
-0.7441374609375 -0.167024578857401
-0.556403435546875 -0.162960247802701
-0.36645852734375 -0.1581891296387
-0.193818798828125 -0.154033169555699
-0.00693348039245605 -0.149346127319301
0.163539400878906 -0.1452776000977
0.336019120117188 -0.141167187499999
0.495994255859375 -0.137341656494101
0.66982455859375 -0.132638973999001
0.83897194921875 -0.128815579223602
0.99917246875 -0.1244193695068
1.172494578125 -0.120308575439502
1.34395434375 -0.116015209960899
1.5213346015625 -0.1112553070068
1.697227953125 -0.106648449707002
1.868869515625 -0.102409024047901
2.030433234375 -0.0981738708495996
2.2079686484375 -0.0935863159179995
2.3735613984375 -0.0894915435791006
2.5451903046875 -0.0846051452637013
2.7197175390625 -0.0800127075195007
2.8993789140625 -0.0749626586914012
3.079172828125 -0.0702792785644988
3.2430800546875 -0.0658327911377015
3.41672996875 -0.0609433410645011
3.577538046875 -0.0571502349853006
3.74104515625 -0.0526081512450993
3.919975390625 -0.0476996276854997
4.101447 -0.0428516815186022
4.289847765625 -0.0374286315918013
4.462747265625 -0.0328563354491997
4.64593325 -0.0279516265869013
4.817733578125 -0.0228975341797018
4.98016403125 -0.0188640258789015
5.151316109375 -0.0140892456055006
5.328944015625 -0.00937176208499935
5.492388453125 -0.00492145996090088
5.673115421875 3.60903930697987E-4
5.84735409375 0.00543582458499969
6.01296175 0.0101380493163994
6.19593675 0.0154364349365004
6.367692671875 0.0201955749511988
6.546459203125 0.025535693359398
6.71165534375 0.030371661377
6.89315278125 0.0356430389403997
7.06193190625 0.0404375793456992
7.23576359375 0.0457181884765987
7.4121233125 0.0514361145019997
7.59249659375 0.057135806274399
7.76948078125 0.0629307891845983
7.95224703125 0.0685929443359008
8.12734784375 0.0737939788817989
8.29250778125 0.0795504333495991
8.47230978125 0.0857386352539002
8.6510796875 0.0922899200438998
8.828020625 0.098187823486299
8.99323034375 0.104056277465798
9.17470721875 0.110423922729499
9.339292625 0.116539492797898
9.5189994375 0.123244586181599
9.69219671875 0.129785266113299
9.86289521875 0.1360308410645
10.0323518125 0.142104830932599
10.21022653125 0.148090548706101
10.373044375 0.153779025268598
10.54422115625 0.159494357299799
10.7248844375 0.165808596801799
10.888684875 0.171129870605501
11.0677 0.177343783569299
11.24767059375 0.183021044921901
11.41289603125 0.188173937988299
11.5764716875 0.193571810913099
11.7405315 0.198732257080099
11.91373303125 0.203761553955101
12.0043406875 0.206798358154298
