12.00001484375 0.486525265502898
11.90369184375 0.4849102752686
11.7163065625 0.483203198242201
11.5230070625 0.481871411132801
11.33951153125 0.4804197662354
11.158745875 0.479158856201199
10.9906384375 0.477882229614298
10.81361446875 0.476736981201199
10.63209325 0.476333996581999
10.45028421875 0.474745632934599
10.26948484375 0.4731340759277
10.08480209375 0.472118145751999
9.90650265625 0.4714276855469
9.72907559375 0.470361553955101
9.5487375625 0.469139553832999
9.36725165625 0.467486111450199
9.18667 0.466389996337899
9.01582634375 0.465021740722701
8.8400775 0.463726879882799
8.6630753125 0.462529751586899
8.4914795625 0.4613234680176
8.314415375 0.459967037963899
8.14049975 0.458314892578098
7.96161909375 0.4566498535156
7.77884265625 0.455378643798799
7.5940595 0.455390621948201
7.40803540625 0.4544077270508
7.2331433125 0.452676388549801
7.0647416875 0.451309048461898
6.88472334375 0.449541241455098
6.6996545 0.447303921508798
6.517248578125 0.4458072631836
6.34858734375 0.444859692382799
6.1594778125 0.4433691375732
5.970569890625 0.441759259033198
5.794606890625 0.4408296173096
5.62751609375 0.439775006103499
5.45862590625 0.4362799041748
5.28071603125 0.425397335815401
5.10255003125 0.4224367492676
4.935572453125 0.421182705688498
4.762174421875 0.4199835174561
4.57545303125 0.423333737182599
4.392648703125 0.426726147460901
4.213568671875 0.426711880493201
4.036976953125 0.427483593750001
3.86766078125 0.424832379150399
3.66768271875 0.421670681762699
3.49759740625 0.419254223632798
3.331512625 0.416660610961898
3.146868796875 0.413738400268599
2.9595146015625 0.4092538421631
2.779438125 0.404905087280298
2.603543859375 0.399902798461898
2.43412884375 0.393455426025401
2.2605562734375 0.387832180786098
2.0807099921875 0.382392346191399
1.8953035546875 0.434244686889599
1.71199082421875 0.438625942993198
1.52915055859375 0.429137112426801
1.3311578984375 0.417341229247999
1.151331453125 0.4056531494141
0.9658887265625 0.390010678100598
0.793452943359375 0.3735192840576
0.604760546875 0.351978375244098
0.423948083007813 0.326211010742199
0.2352983515625 0.295627896118198
0.0640329719390869 0.262593914794898
-0.104578304199219 0.2273598449707
-0.287844154296875 0.186799618530298
-0.460035154296875 0.148017956543001
-0.615546068359375 0.115494763183598
-0.787126455078125 0.0814892547607009
-0.960875015625 0.0487709014892985
-1.13090077734375 0.0200670593261982
-1.30574656640625 -0.00669067687990221
-1.4665659453125 -0.0304283935547005
-1.63512454296875 -0.0546928436279011
-1.81453615625 -0.0816443664551016
-1.9796121875 -0.108159106445299
-2.1435660234375 -0.1358305389404
-2.3222285234375 -0.166539233398399
-2.5001791328125 -0.198110736084001
-2.6783323828125 -0.229150469970701
-2.8418715859375 -0.256749194335899
-3.0207374765625 -0.284146197509802
-3.1907386875 -0.310305865478501
-3.3775465625 -0.333176882934602
-3.561370828125 -0.351392520141601
-3.743294578125 -0.363115695190402
-3.916376703125 -0.3725321990967
-4.09098278125 -0.3800457794189
-4.26855525 -0.3856198150635
-4.430788671875 -0.390455706787101
-4.611753609375 -0.395070269775399
-4.79725340625 -0.399658435058601
-4.97322375 -0.402901690673801
-5.148628296875 -0.4064339477539
-5.3113024375 -0.409723361206101
-5.493031 -0.412469256591802
-5.67173521875 -0.415785449218699
-5.845737109375 -0.418795703124999
-6.007616703125 -0.4203996307373
-6.17040946875 -0.422466662597699
-6.33397525 -0.4255680877686
-6.500233203125 -0.427243731689501
-6.67253984375 -0.429391406250001
-6.84991828125 -0.431579974365199
-7.03116840625 -0.433531954956102
-7.20711571875 -0.435962756347699
-7.3787331875 -0.437997897338899
-7.56153028125 -0.440477450561502
-7.74064353125 -0.442814715576201
-7.91956865625 -0.4462218505859
-8.09863078125 -0.448663104248002
-8.27000134375 -0.450167773437499
-8.45107809375 -0.451753543090799
-8.62273296875 -0.453315737915002
-8.80436521875 -0.455178759765602
-8.97627503125 -0.456986926269501
-9.14132509375 -0.458644259643602
-9.32384784375 -0.4601533538818
-9.49584821875 -0.461862261962899
-9.65786246875 -0.463207553100602
-9.81963084375 -0.464475177002001
-10.00254453125 -0.466113589477501
-10.1843263125 -0.467787326049802
-10.35974 -0.469391253662099
-10.5219893125 -0.4706311828613
-10.698651 -0.4719573242187
-10.894639375 -0.4737137634277
-11.0588741875 -0.475090411377
-11.2322819375 -0.476706240844699
-11.41344840625 -0.4786400634766
-11.588540375 -0.479888766479501
-11.76187753125 -0.4811677581787
-11.93681915625 -0.4837062866211
-11.9992404375 -0.484562991333
-11.99983046875 -0.486527713012702
-11.90442821875 -0.485850070190402
-11.7250849375 -0.484527590942399
-11.5569714375 -0.483396990966799
-11.37963903125 -0.482296832275402
-11.19899584375 -0.480490802002002
-11.00872553125 -0.479180987548801
-10.8378273125 -0.477759097290001
-10.66952859375 -0.475708544921901
-10.49238815625 -0.4742940551758
-10.309059625 -0.472701800537102
-10.11739246875 -0.4700737030029
-9.9353265 -0.468853991699202
-9.768523625 -0.467419741821299
-9.585911375 -0.4655101043701
-9.41716978125 -0.463925326538099
-9.238532625 -0.462553256225601
-9.05749446875 -0.4612354309082
-8.87403575 -0.459203723144501
-8.6911765625 -0.458003237915001
-8.51983109375 -0.4559831268311
-8.337438875 -0.453958361816401
-8.16284471875 -0.452124179077099
-7.99610421875 -0.450950930786099
-7.827483875 -0.449816821289101
-7.65793890625 -0.4482289916992
-7.4877630625 -0.4478731567383
-7.305329875 -0.445925372314502
-7.1326189375 -0.444550326538099
-6.94677525 -0.4427656585693
-6.77067059375 -0.441047976684601
-6.58903509375 -0.439396060180702
-6.4024830625 -0.437498324585
-6.21693503125 -0.435434878540001
-6.037240515625 -0.4331541473389
-5.859788625 -0.4307862121582
-5.67890546875 -0.428715670776402
-5.488336265625 -0.426905139160201
-5.30380434375 -0.424696047973601
-5.11923278125 -0.422381594848602
-4.93639484375 -0.419967807006799
-4.75419578125 -0.4170753509521
-4.56783575 -0.414627459716801
-4.381931234375 -0.4116895324707
-4.2063435625 -0.409218447876
-4.034225234375 -0.406602023315401
-3.85098846875 -0.4037171966553
-3.667167703125 -0.400930407714799
-3.496406875 -0.398158343505902
-3.3271681015625 -0.395083316040001
-3.14710821875 -0.391942675781301
-2.9747390390625 -0.388046420288102
-2.80292646875 -0.384394152832002
-2.625410828125 -0.380139620971701
-2.4432752265625 -0.374803469848601
-2.253966921875 -0.368672869873002
-2.069725171875 -0.361938403320302
-1.893456453125 -0.354560549926802
-1.72130161328125 -0.3471533996582
-1.523449515625 -0.337126010131801
-1.33495937890625 -0.325967715454102
-1.149353921875 -0.313200228881801
-0.96500252734375 -0.2984281951904
-0.77721601171875 -0.279954989624002
-0.60573034765625 -0.2602742797852
-0.417443635742188 -0.2342360717773
-0.242859818359375 -0.206016772460902
-0.0499836477890015 -0.169111788940402
0.126816996337891 -0.131901171875001
0.306657033203125 -0.0908776885985993
0.476343512695313 -0.0533416015625008
0.63616934765625 -0.0192434722900003
0.80202847265625 0.0137020843505979
0.9771288671875 0.0455966918944988
1.13729176953125 0.0719304626464989
1.29781689453125 0.0965306823730003
1.46054002734375 0.120011517334
1.63815242578125 0.145635525512699
1.8089408125 0.170501400756798
1.9728248828125 0.195669171142601
2.1532035078125 0.225041043090798
2.3310988671875 0.2558529632568
2.4956706171875 0.283531872558598
2.658695484375 0.312414471435499
2.822061296875 0.338887020874001
2.9994235078125 0.364572674560499
3.1786734609375 0.386751553344698
3.338647671875 0.403094631957998
3.5169808125 0.417433010864301
3.680891453125 0.4287707489014
3.857982484375 0.438522946166998
4.020359890625 0.445974880981399
4.19939521875 0.452016217040999
4.363310171875 0.456899029540999
4.542490546875 0.461532208251999
4.7222194375 0.465902096557599
4.894963625 0.469145962524401
5.057814375 0.472386013793898
5.23897775 0.475422817993199
5.413377234375 0.477993923950198
5.589377984375 0.4814639251709
5.76243365625 0.483834835815401
5.933404359375 0.485943905639598
6.10221409375 0.4880406921387
6.28183953125 0.4907721679688
6.44926578125 0.492633892822301
6.62398140625 0.495461346435498
6.801388125 0.497332913207998
6.97117234375 0.4991748016357
7.15195590625 0.501042706298801
7.3273444375 0.5033675354004
7.49022453125 0.505265423584
7.66370840625 0.5067060058594
7.84388325 0.508253170776399
8.01158015625 0.509861981201201
8.1850800625 0.5113079803467
8.350131 0.5127017944336
8.52014409375 0.5144523590088
8.70045384375 0.516218106079098
8.881870625 0.5171415679932
9.056331125 0.518676449584998
9.2272891875 0.520689541625998
9.3932615625 0.522011791992199
9.563722125 0.523970639038101
9.726584 0.525485836792001
9.895593125 0.526459881591798
10.0841191875 0.527728344726601
10.30709678125 0.529812847900399
10.470773375 0.531744305419899
10.65063228125 0.533370892333998
10.827844375 0.534697567748999
10.99260934375 0.535956417846698
11.17201096875 0.536735913085899
11.34505490625 0.5374314086914
11.5128310625 0.538001171874999
11.6911954375 0.539421765136698
11.86385896875 0.540943447876
12.00103540625 0.541646343994099
11.99986203125 0.5415813415527

