0.6 0.503083781144744
0.605050505050505 0.58878314204795
0.61010101010101 0.692052864637628
0.615151515151515 0.811814139641074
0.62020202020202 0.94580328731385
0.625252525252525 1.09072033990787
0.63030303030303 1.24248390397963
0.635353535353535 1.39655084482804
0.64040404040404 1.54825566125686
0.645454545454546 1.69312889778951
0.65050505050505 1.82716384614527
0.655555555555556 1.94701304749537
0.660606060606061 2.05010808526679
0.665656565656566 2.1347060588988
0.670707070707071 2.19987306964106
0.675757575757576 2.24541891398411
0.680808080808081 2.2717983707611
0.685858585858586 2.27999365108013
0.690909090909091 2.27139048272333
0.695959595959596 2.24765757389349
0.701010101010101 2.21063635226808
0.706060606060606 2.16224524875555
0.711111111111111 2.10440058744732
0.716161616161616 2.03895443271171
0.721212121212121 1.96764852726622
0.726262626262626 1.89208267698573
0.731313131313131 1.81369551996087
0.736363636363636 1.73375547329801
0.741414141414141 1.65335970098173
0.746464646464647 1.57343912096997
0.751515151515151 1.49476771469387
0.756565656565657 1.41797467629554
0.761616161616162 1.34355821362719
0.766666666666667 1.27190006982788
0.771717171717172 1.20328006267328
0.776767676767677 1.13789013413431
0.781818181818182 1.07584756394256
0.786868686868687 1.01720713024969
0.791919191919192 0.961972100947785
0.796969696969697 0.910104014832271
0.802020202020202 0.861531266628013
0.807070707070707 0.816156547872087
0.812121212121212 0.773863220284578
0.817171717171717 0.734520712629226
0.822222222222222 0.697989038748476
0.827272727272727 0.664122535564609
0.832323232323232 0.63277291705763
0.837373737373737 0.603791734879424
0.842424242424243 0.577032329348093
0.847474747474747 0.552351346834937
0.852525252525253 0.529609891551442
0.857575757575758 0.50867437184386
0.862626262626263 0.489417093561882
0.867676767676768 0.471716646043539
0.872727272727273 0.455458119838319
0.877777777777778 0.440533189511273
0.882828282828283 0.426840089733526
0.887878787878788 0.414283508346177
0.892929292929293 0.402774416146917
0.897979797979798 0.392229849744958
0.903030303030303 0.382572660909097
0.908080808080808 0.373731243344182
0.913131313131313 0.365639245722624
0.918181818181818 0.358235278022201
0.923232323232323 0.351462616735456
0.928282828282828 0.345268913279443
0.933333333333333 0.339605908911729
0.938383838383838 0.334429158617763
0.943434343434344 0.329697765748055
0.948484848484848 0.325374128626975
0.953535353535354 0.321423699907302
0.958585858585859 0.31781475908804
0.963636363636364 0.314518198331977
0.968686868686869 0.311507321500948
0.973737373737374 0.30875765615968
0.978787878787879 0.306246778174045
0.983838383838384 0.303954148438757
0.988888888888889 0.301860961206359
0.993939393939394 0.299950003448354
0.998989898989899 0.298205524655971
1.0040404040404 0.29661311647854
1.00909090909091 0.295159601598772
1.01414141414141 0.293832931253769
1.01919191919192 0.292622090826356
1.02424242424242 0.291517012951559
1.02929292929293 0.290508497606524
1.03434343434343 0.289588138677685
1.03939393939394 0.288748256525736
1.04444444444444 0.287981836096325
1.04949494949495 0.287282470151699
1.05454545454545 0.286644307225554
1.05959595959596 0.286062003929659
1.06464646464646 0.285530681266253
1.06969696969697 0.285045884624608
1.07474747474747 0.2846035471634
1.07979797979798 0.284199956302541
1.08484848484849 0.283831723068931
1.08989898989899 0.28349575406012
1.0949494949495 0.283189225808161
1.1 0.282909561343061
