0.6 -0.0624138972809667
0.605050505050505 -0.0590913973572583
0.61010101010101 -0.05576889743355
0.615151515151515 -0.0524463975098416
0.62020202020202 -0.0491238975861332
0.625252525252525 -0.0458013976624248
0.63030303030303 -0.0424788977387164
0.635353535353535 -0.0391563978150081
0.64040404040404 -0.0358338978912996
0.645454545454546 -0.0325113979675912
0.65050505050505 -0.0291888980438829
0.655555555555556 -0.0258663981201745
0.660606060606061 -0.0225438981964661
0.665656565656566 -0.0192213982727578
0.670707070707071 -0.0158988983490494
0.675757575757576 -0.012576398425341
0.680808080808081 -0.00925389850163266
0.685858585858586 -0.00593139857792424
0.690909090909091 -0.00260889865421582
0.695959595959596 7.13601269492548E-4
0.701010101010101 0.00403610119320091
0.706060606060606 0.00735860111690928
0.711111111111111 0.0106811010406177
0.716161616161616 0.0140036009643261
0.721212121212121 0.0173261008880344
0.726262626262626 0.0206486008117429
0.731313131313131 0.0239711007354512
0.736363636363636 0.0272936006591596
0.741414141414141 0.030616100582868
0.746464646464647 0.0339386005065764
0.751515151515151 0.0372611004302847
0.756565656565657 0.0405836003539931
0.761616161616162 0.0439061002777015
0.766666666666667 0.0472286002014099
0.771717171717172 0.0505511001251184
0.776767676767677 0.0538736000488266
0.781818181818182 0.0571960999725351
0.786868686868687 0.0605185998962435
0.791919191919192 0.0638410998199518
0.796969696969697 0.0671635997436602
0.802020202020202 0.0704860996673686
0.807070707070707 0.0738085995910769
0.812121212121212 0.0771310995147853
0.817171717171717 0.0804535994384938
0.822222222222222 0.083776099362202
0.827272727272727 0.0870985992859105
0.832323232323232 0.0904210992096189
0.837373737373737 0.0937435991333272
0.842424242424243 0.0970660990570357
0.847474747474747 0.100388598980744
0.852525252525253 0.103711098904452
0.857575757575758 0.107033598828161
0.862626262626263 0.110356098751869
0.867676767676768 0.113678598675578
0.872727272727273 0.117001098599286
0.877777777777778 0.120323598522994
0.882828282828283 0.123646098446703
0.887878787878788 0.126968598370411
0.892929292929293 0.130291098294119
0.897979797979798 0.133613598217828
0.903030303030303 0.136936098141536
0.908080808080808 0.140258598065245
0.913131313131313 0.143581097988953
0.918181818181818 0.146903597912661
0.923232323232323 0.15022609783637
0.928282828282828 0.153548597760078
0.933333333333333 0.156871097683787
0.938383838383838 0.160193597607495
0.943434343434344 0.163516097531203
0.948484848484848 0.166838597454912
0.953535353535354 0.17016109737862
0.958585858585859 0.173483597302328
0.963636363636364 0.176806097226037
0.968686868686869 0.180128597149745
0.973737373737374 0.183451097073454
0.978787878787879 0.186773596997162
0.983838383838384 0.19009609692087
0.988888888888889 0.193418596844579
0.993939393939394 0.196741096768287
0.998989898989899 0.200063596691996
1.0040404040404 0.203386096615704
1.00909090909091 0.206708596539412
1.01414141414141 0.210031096463121
1.01919191919192 0.213353596386829
1.02424242424242 0.216676096310537
1.02929292929293 0.219998596234246
1.03434343434343 0.223321096157954
1.03939393939394 0.226643596081663
1.04444444444444 0.229966096005371
1.04949494949495 0.233288595929079
1.05454545454545 0.236611095852788
1.05959595959596 0.239933595776496
1.06464646464646 0.243256095700204
1.06969696969697 0.246578595623913
1.07474747474747 0.249901095547621
1.07979797979798 0.25322359547133
1.08484848484849 0.256546095395038
1.08989898989899 0.259868595318746
1.0949494949495 0.263191095242455
1.1 0.266513595166163
