2 0.120547924598247
5.01010101010101 0.115841585943831
8.02020202020202 0.112451251551561
11.030303030303 0.109657562980968
14.040404040404 0.107225546080709
17.0505050505051 0.105043032361345
20.0606060606061 0.103046073588522
23.0707070707071 0.101194113619691
26.0808080808081 0.0994595170657309
29.0909090909091 0.0978224496346505
32.1010101010101 0.0962681043903466
35.1111111111111 0.0947850802878873
38.1212121212121 0.0933643769055298
41.1313131313131 0.0919987412566703
44.1414141414141 0.0906822267616395
47.1515151515151 0.0894098857808268
50.1616161616162 0.0881775493672698
53.1717171717172 0.0869816657797313
56.1818181818182 0.0858191796609826
59.1919191919192 0.0846874400246158
62.2020202020202 0.0835841290748186
65.2121212121212 0.0825072063686754
68.2222222222222 0.0814548644628517
71.2323232323232 0.0804254932832451
74.2424242424242 0.0794176512081876
77.2525252525252 0.0784300413809456
80.2626262626263 0.0774614921401534
83.2727272727273 0.0765109407256176
86.2828282828283 0.0755774196133907
89.2929292929293 0.074660044979445
92.3030303030303 0.0737580069001926
95.3131313131313 0.0728705609805586
98.3232323232323 0.0719970211633737
101.333333333333 0.0711367535225254
104.343434343434 0.0702891708802048
107.353535353535 0.0694537281183382
110.363636363636 0.0686299180778202
113.373737373737 0.067817267957915
116.383838383838 0.0670153361432234
119.393939393939 0.0662237093977526
122.40404040404 0.0654420003754738
125.414141414141 0.0646698454048025
128.424242424242 0.063906902511039
131.434343434343 0.0631528496462571
134.444444444444 0.0624073831006485
137.454545454545 0.0616702160730917
140.464646464646 0.0609410773818664
143.474747474747 0.0602197102990749
146.484848484848 0.059505871494567
149.494949494949 0.0587993300770494
152.50505050505 0.0580998667216693
155.515151515152 0.0574072728747256
158.525252525253 0.0567213500273362
161.535353535354 0.0560419090508891
164.545454545455 0.0553687695879762
167.555555555556 0.0547017594932474
170.565656565657 0.0540407143192762
173.575757575758 0.0533854768430846
176.585858585859 0.0527358966294654
179.59595959596 0.0520918296276657
182.606060606061 0.0514531377983678
185.616161616162 0.0508196887682327
188.626262626263 0.0501913555095559
191.636363636364 0.0495680160428404
194.646464646465 0.0489495531603138
197.656565656566 0.0483358541686156
200.666666666667 0.0477268106490534
203.676767676768 0.0471223182339856
206.686868686869 0.046522276398022
209.69696969697 0.0459265882628615
212.707070707071 0.0453351604146929
215.717171717172 0.0447479027331844
218.727272727273 0.0441647282311755
221.737373737374 0.0435855529042641
224.747474747475 0.0430102955895516
227.757575757576 0.0424388778328744
230.767676767677 0.0418712237639064
233.777777777778 0.0413072599785697
236.787878787879 0.0407469154282379
239.79797979798 0.0401901213152573
242.808080808081 0.0396368109943529
245.818181818182 0.0390869198795178
248.828282828283 0.038540385356018
251.838383838384 0.037997146697174
254.848484848485 0.0374571449856052
257.858585858586 0.036920323038648
260.868686868687 0.0363866253376815
263.878787878788 0.0358559979611117
266.888888888889 0.0353283885207876
269.89898989899 0.034803746101634
272.909090909091 0.0342820212043072
275.919191919192 0.0337631656906886
278.929292929293 0.0332471327320471
281.939393939394 0.0327338767597128
284.949494949495 0.0322233534181134
287.959595959596 0.0317155195200386
290.969696969697 0.0312103330040025
293.979797979798 0.0307077528935867
296.989898989899 0.0302077392586513
300 0.0297102531783114
