-1.983996 -0.2231072
-1.785638 -0.2220104
-1.587088 -0.2177914
-1.388691 -0.2141632
-1.190352 -0.2106192
-0.991966 -0.2112099
-0.793489 -0.2040378
-0.595249 -0.1909593
-0.396822 -0.175687
-0.198343 -0.1404172
1.29E-4 -0.08548748
0.198328 -0.02119188
0.396846 0.04225948
0.595237 0.09955071
0.793468 0.1228385
0.992001 0.1314448
1.19034 0.1381105
1.388852 0.1416543
1.587227 0.1486576
1.785598 0.153045
1.98202 0.15507
1.98202 0.154395
1.785598 0.1553231
1.587227 0.1518637
1.388852 0.1541418
1.19034 0.1475606
0.992001 0.1402199
0.793468 0.1321198
0.595237 0.1176071
0.396846 0.09777876
0.198328 0.0613284
1.29E-4 0.007243319
-0.198343 -0.05393026
-0.396822 -0.118057
-0.595249 -0.1727336
-0.793489 -0.1952623
-0.991966 -0.205472
-1.190352 -0.2123909
-1.388691 -0.2168629
-1.587088 -0.2196472
-1.785638 -0.2239505
-1.983996 -0.2275787
