-1.983996 0.00614539999999999
-1.785638 0.00504819999999998
-1.587088 0.00184129999999999
-1.388691 -5.21630000000007E-4
-1.190352 -0.00161876
-0.991966 -0.00474118000000001
-0.793489 -0.00718853
-0.595249 -0.00761052
-0.396822 -0.01047977
-0.198343 -0.01292709
1.29E-4 -0.01453048
0.198328 -0.0171466
0.396846 -0.01790611
0.595237 -0.01976271
0.793468 -0.02161927
0.992001 -0.02431972
1.19034 -0.02651384
1.388852 -0.02744213
1.587227 -0.02879237
1.785598 -0.03048017
1.98202 -0.03309623
1.98202 -0.03309625
1.785598 -0.03140858
1.587227 -0.03005842
1.388852 -0.0287083
1.19034 -0.02735814
0.992001 -0.02482659
0.793468 -0.02356083
0.595237 -0.02102931
0.396846 -0.02187322
0.198328 -0.02086062
1.29E-4 -0.01782276
-0.198343 -0.01478492
-0.396822 -0.01385672
-0.595249 -0.01216906
-0.793489 -0.00989067000000001
-0.991966 -0.00972200000000001
-1.190352 -0.00744358
-1.388691 -0.00626223
-1.587088 -0.00406827000000001
-1.785638 -0.00162112000000001
-1.983996 0.00133229999999999
