-1.983996 -0.3764029
-1.785638 -0.376825
-1.587088 -0.3754749
-1.388691 -0.3749687
-1.190352 -0.3736186
-0.991966 -0.3704965
-0.793489 -0.3672056
-0.595249 -0.3618053
-0.396822 -0.3552235
-0.198343 -0.3461104
1.29E-4 -0.3324405
0.198328 -0.3078854
0.396846 -0.272867
0.595237 -0.2192845
0.793468 -0.1413156
0.992001 -0.0486643000000001
1.19034 0.0563065999999999
1.388852 0.1630493
1.587227 0.2554469
1.785598 0.3274247
1.98202 0.3750153
1.98202 0.3767028
1.785598 0.376112
1.587227 0.3744237
1.388852 0.3735804
1.19034 0.370964
0.992001 0.3678417
0.793468 0.3632846
0.595237 0.3575469
0.396846 0.3482643
0.198328 0.3372947
1.29E-4 0.3192368
-0.198343 0.2923187
-0.396822 0.2529128
-0.595249 0.1908074
-0.793489 0.108198
-0.991966 0.0125094
-1.190352 -0.0847824
-1.388691 -0.1862934
-1.587088 -0.2753159
-1.785638 -0.3426522
-1.983996 -0.3858554
