-1.983996 0.4913989
-1.904591 0.4891207
-1.825308 0.4879395
-1.745878 0.4870958
-1.666599 0.4854083
-1.587088 0.4859147
-1.50787 0.4852398
-1.428516 0.4832146
-1.349089 0.4818646
-1.269821 0.4820335
-1.1902 0.4795865
-1.111093 0.4793336
-1.031791 0.4784055
-0.952253 0.4762959
-0.872881 0.4774775
-0.793489 0.4744396
-0.714346 0.4723302
-0.634764 0.4724991
-0.555503 0.4711491
-0.47622 0.4697991
-0.396822 0.4704742
-0.317474 0.468196
-0.238242 0.4670148
-0.158761 0.4633019
-0.079415 0.4622894
1.29E-4 0.4627115
0.079393 0.4614458
0.158606 0.4595895
0.237971 0.4580707
0.317311 0.456383
0.396846 0.4555393
0.476073 0.4521642
0.555617 0.4503079
0.634973 0.4481983
0.714333 0.4460887
0.793468 0.4422917
0.873139 0.4395069
0.952337 0.4346127
1.031762 0.4292967
1.111095 0.4149512
1.19034 0.3260935
1.269719 -0.0147392999999999
1.348978 -0.452193
1.428452 -0.483414
1.507839 -0.48949
1.587227 -0.490672
1.666604 -0.491852
1.745957 -0.49396
1.82533 -0.495311
1.904622 -0.496322
1.98202 -0.497925
1.98202 -0.499106
1.904622 -0.49784
1.82533 -0.496067
1.745957 -0.495813
1.666604 -0.4948
1.587227 -0.49404
1.507839 -0.492689
1.428452 -0.490917
1.348978 -0.492435
1.269719 -0.489143
1.19034 -0.488975
1.111095 -0.487624
1.031762 -0.486948
0.952337 -0.484839
0.873139 -0.484669
0.793468 -0.482475
0.714333 -0.480618
0.634973 -0.479689
0.555617 -0.479857
0.476073 -0.477242
0.396846 -0.476397
0.317311 -0.47513
0.237971 -0.473948
0.158606 -0.472092
0.079393 -0.470488
1.29E-4 -0.469644
-0.079415 -0.466943
-0.158761 -0.465423
-0.238242 -0.464748
-0.317474 -0.462807
-0.396822 -0.461541
-0.47622 -0.459599
-0.555503 -0.456983
-0.634764 -0.454282
-0.714346 -0.452341
-0.793489 -0.448374
-0.872881 -0.445505
-0.952253 -0.441032
-1.031791 -0.434703
-1.111093 -0.416729
-1.190352 -0.302304
-1.269821 0.0548926000000001
-1.349089 0.4481213
-1.428516 0.4742803
-1.50787 0.4788372
-1.587088 0.4823813
-1.666599 0.4839847
-1.745878 0.4861787
-1.825308 0.4870226
-1.904591 0.4892168
-1.983996 0.4898919
