-1.983996 -0.4275816
-1.785638 -0.4290157
-1.587088 -0.4288467
-1.388691 -0.4311248
-1.190352 -0.4326434
-0.991966 -0.4325587
-0.793489 -0.4323054
-0.595249 -0.4333178
-0.396822 -0.4341614
-0.198343 -0.4343298
1.29E-4 -0.4348361
0.198328 -0.43357
0.396846 -0.4326417
0.595237 -0.4311225
0.793468 -0.4312067
0.992001 -0.425553
1.19034 -0.4198992
1.388852 -0.4069885
1.587227 -0.3792268
1.785598 -0.1713938
1.98202 0.3933678
1.98202 0.3988525
1.785598 0.4067839
1.587227 0.4082182
1.388852 0.408218
1.19034 0.4080491
0.992001 0.4071209
0.793468 0.4074581
0.595237 0.4060236
0.396846 0.4050953
0.198328 0.4056014
1.29E-4 0.4043356
-0.198343 0.402226
-0.396822 0.4000319
-0.595249 0.3977535
-0.793489 0.3921
-0.991966 0.3848432
-1.190352 0.3759831
-1.388691 0.358854
-1.587088 0.3170015
-1.785638 0.05474889
-1.983996 -0.3922178
