27.9765 11 10.1818181818182
28.0069 4 9.81818181818182
28.0372 6 9.27272727272727
28.0675 10 10
28.0978 12 10.4545454545455
28.1281 15 10.7272727272727
28.1584 14 10.0909090909091
28.1888 8 11
28.2191 15 11.0909090909091
28.2494 12 11.2727272727273
28.2797 11 11.6363636363636
28.31 4 11.4545454545455
28.3404 14 11.0909090909091
28.3707 7 11
28.401 12 11.0909090909091
28.4313 16 10.6363636363636
28.4616 13 10.5454545454545
28.492 10 11.4545454545455
28.5223 7 11.6363636363636
28.5526 16 12
28.5829 7 12.4545454545455
28.6132 10 12.1818181818182
28.6435 14 12.4545454545455
28.6739 16 12.8181818181818
28.7042 11 13.7272727272727
28.7345 17 14
28.7648 13 15.1818181818182
28.7951 16 16
28.8255 14 17.0909090909091
28.8558 17 18.0909090909091
28.8861 19 19.1818181818182
28.9164 20 20
28.9467 19 20.8181818181818
28.9771 26 21.8181818181818
29.0074 27 22.9090909090909
29.0377 23 26.4545454545455
29.068 26 33.1818181818182
29.0983 22 40.5454545454545
29.1287 27 53.2727272727273
29.159 26 67.2727272727273
29.1893 56 87.2727272727273
29.2196 93 108.272727272727
29.2499 101 131.545454545455
29.2802 159 150.727272727273
29.3106 180 169.727272727273
29.3409 247 188.909090909091
29.3712 254 202
29.4015 282 206.727272727273
29.4318 233 209.090909090909
29.4622 236 202.727272727273
29.4925 237 191.272727272727
29.5228 200 173.090909090909
29.5531 145 151.818181818182
29.5834 127 128.454545454545
29.6138 89 108.909090909091
29.6441 54 89
29.6744 47 68.7272727272727
29.7047 20 51.6363636363636
29.735 25 39.8181818181818
29.7654 18 30.1818181818182
29.7957 17 23.1818181818182
29.826 14 19.1818181818182
29.8563 12 16.4545454545455
29.8866 15 15.6363636363636
29.9169 21 14.4545454545455
29.9473 12 13.3636363636364
29.9776 10 12.5454545454545
30.0079 17 11.7272727272727
30.0382 11 11.4545454545455
30.0685 12 10.7272727272727
30.0989 6 9.45454545454546
30.1292 8 8.90909090909091
30.1595 5 8.81818181818182
30.1898 9 8.27272727272727
30.2201 7 7.54545454545455
30.2505 7 7.18181818181818
30.2808 6 7.09090909090909
30.3111 9 7
30.3414 11 7.09090909090909
30.3717 3 6.54545454545455
30.4021 8 6.72727272727273
30.4324 5 6.45454545454545
30.4627 7 7.09090909090909
30.493 6 6.90909090909091
30.5233 3 6.54545454545455
30.5536 9 7.27272727272727
30.584 4 7.27272727272727
30.6143 13 7.36363636363636
30.6446 7 7.45454545454545
30.6749 7 7.72727272727273
30.7052 11 8.81818181818182
30.7356 8 9
30.7659 6 9.27272727272727
30.7962 8 8.81818181818182
30.8265 9 9
30.8568 15 9.09090909090909
30.8872 11 8.54545454545455
30.9175 7 8.36363636363636
30.9478 8 8.18181818181818
30.9781 9 7.81818181818182
31.0084 8 7.45454545454545
31.0388 5 6.54545454545455
31.0691 6 6
31.0994 4 5.63636363636364
31.1297 4 5.63636363636364
31.16 5 5.18181818181818
31.1903 5 4.90909090909091
31.2207 5 4.90909090909091
31.251 3 5.45454545454545
31.2813 8 5.81818181818182
31.3116 4 6.18181818181818
31.3419 5 6.18181818181818
31.3723 5 6.09090909090909
31.4026 12 6.36363636363636
31.4329 8 6.63636363636364
31.4632 8 6.45454545454545
31.4935 5 6.63636363636364
31.5239 4 6.63636363636364
31.5542 8 7.36363636363636
31.5845 6 6.72727272727273
31.6148 6 6.81818181818182
31.6451 6 6.90909090909091
31.6754 5 7.36363636363636
31.7058 13 7.27272727272727
31.7361 5 7.27272727272727
31.7664 9 7.09090909090909
31.7967 9 6.90909090909091
31.827 10 6.63636363636364
31.8574 3 6.63636363636364
31.8877 8 5.81818181818182
31.918 4 5.81818181818182
31.9483 4 5.45454545454545
31.9786 3 5.18181818181818
32.009 5 4.81818181818182
32.0393 4 5
32.0696 5 5.09090909090909
32.0999 5 5.45454545454545
32.1302 6 5.45454545454545
32.1606 6 5.45454545454545
32.1909 5 5.45454545454545
32.2212 9 5.36363636363636
32.2515 8 5.36363636363636
32.2818 4 5.90909090909091
32.3121 3 6.09090909090909
32.3425 5 6
32.3728 3 6.36363636363636
32.4031 5 6.18181818181818
32.4334 11 5.90909090909091
32.4637 8 5.90909090909091
32.4941 5 6.09090909090909
32.5244 9 6
32.5547 7 6.27272727272727
32.585 5 6.54545454545455
32.6153 4 6.72727272727273
32.6457 5 6.72727272727273
32.676 4 6.72727272727273
32.7063 6 6.45454545454545
32.7366 8 6.45454545454545
32.7669 13 6.90909090909091
32.7973 8 7.36363636363636
32.8276 5 7.45454545454545
32.8579 6 7.90909090909091
32.8882 7 7.63636363636364
32.9185 10 7.36363636363636
32.9488 9 6.90909090909091
32.9792 6 6.90909090909091
33.0095 9 7.45454545454545
33.0398 3 7.81818181818182
33.0701 5 7.45454545454545
33.1004 8 7.36363636363636
33.1308 8 7.54545454545455
33.1611 11 7.63636363636364
33.1914 10 7.72727272727273
33.2217 3 8.09090909090909
33.252 9 8.18181818181818
33.2824 11 7.72727272727273
33.3127 7 7.63636363636364
33.343 10 7.27272727272727
33.3733 7 6.90909090909091
33.4036 6 7.36363636363636
33.434 3 7.27272727272727
33.4643 7 6.81818181818182
33.4946 7 6.72727272727273
33.5249 6 6.18181818181818
33.5552 8 5.90909090909091
33.5855 8 5.72727272727273
33.6159 6 5.90909090909091
33.6462 6 6
33.6765 4 6.09090909090909
33.7068 4 6.45454545454545
33.7371 4 6.72727272727273
33.7675 5 6.36363636363636
33.7978 8 6.09090909090909
33.8281 8 6.09090909090909
33.8584 10 6.09090909090909
33.8887 11 6.09090909090909
33.9191 4 6.54545454545455
33.9494 3 6.72727272727273
33.9797 6 6.81818181818182
34.01 4 6.81818181818182
34.0403 4 7.18181818181818
34.0707 9 8.45454545454546
34.101 7 10.2727272727273
34.1313 9 12.9090909090909
34.1616 8 14.7272727272727
34.1919 14 15.9090909090909
34.2222 25 16.8181818181818
34.2526 24 17.5454545454545
34.2829 32 17.5454545454545
34.3132 26 17.4545454545455
34.3435 17 17.3636363636364
34.3738 14 16.5454545454545
34.4042 17 15.0909090909091
34.4345 7 13.9090909090909
34.4648 8 11.5454545454545
34.4951 7 9.36363636363636
34.5254 5 8.45454545454546
34.5558 9 7.72727272727273
34.5861 11 7
34.6164 6 6.63636363636364
34.6467 2 6.45454545454545
34.677 7 6.72727272727273
34.7073 6 6.81818181818182
34.7377 9 6.45454545454545
34.768 3 6.18181818181818
34.7983 6 6.18181818181818
34.8286 10 6.54545454545455
34.8589 6 6.54545454545455
34.8893 5 6.54545454545455
34.9196 8 6.63636363636364
34.9499 6 6.72727272727273
34.9802 6 6.54545454545455
35.0105 7 6.54545454545455
35.0409 6 6.54545454545455
35.0712 10 6.54545454545455
35.1015 4 6.54545454545455
35.1318 4 6.81818181818182
35.1621 10 6.90909090909091
35.1925 6 7.09090909090909
35.2228 5 6.63636363636364
35.2531 8 6.09090909090909
35.2834 9 6.27272727272727
35.3137 7 6.36363636363636
35.344 9 6.09090909090909
35.3744 1 6.45454545454545
35.4047 4 6.54545454545455
35.435 6 6.36363636363636
35.4653 5 5.81818181818182
35.4956 7 5.63636363636364
35.526 10 5.45454545454545
35.5563 6 6
35.5866 6 6
35.6169 3 6
35.6472 5 5.72727272727273
35.6776 7 5.90909090909091
35.7079 7 5.63636363636364
35.7382 4 5.45454545454545
35.7685 6 5.27272727272727
35.7988 2 5.45454545454545
35.8292 9 5.72727272727273
35.8595 7 5.54545454545455
35.8898 4 5.36363636363636
35.9201 4 5.36363636363636
35.9504 5 5.36363636363636
35.9807 8 5.72727272727273
36.0111 5 5.09090909090909
36.0414 5 5.09090909090909
36.0717 4 5.54545454545455
36.102 6 5.90909090909091
36.1323 6 6.18181818181818
36.1627 2 6.27272727272727
36.193 7 6.18181818181818
36.2233 9 6.18181818181818
36.2536 8 6.63636363636364
36.2839 8 6.90909090909091
36.3143 9 7.36363636363636
36.3446 4 7.81818181818182
36.3749 5 8.09090909090909
36.4052 9 7.90909090909091
36.4355 9 7.81818181818182
36.4659 11 7.27272727272727
36.4962 7 7.09090909090909
36.5265 10 7.54545454545455
36.5568 7 7.45454545454545
36.5871 7 7.45454545454545
36.6174 2 7.09090909090909
36.6478 7 6.63636363636364
36.6781 9 6.90909090909091
36.7084 4 6.45454545454545
36.7387 9 6.63636363636364
36.769 5 6.36363636363636
36.7994 6 7.27272727272727
36.8297 10 7.27272727272727
36.86 5 6.90909090909091
36.8903 9 6.90909090909091
36.9206 4 6.54545454545455
36.951 12 6.45454545454545
36.9813 7 6.72727272727273
37.0116 5 6.81818181818182
37.0419 4 7
37.0722 5 6.72727272727273
37.1026 4 6.72727272727273
37.1329 9 6
37.1632 11 5.90909090909091
37.1935 7 5.81818181818182
37.2238 6 6
37.2541 4 6.09090909090909
37.2845 4 6.45454545454545
37.3148 6 6.45454545454545
37.3451 4 6.63636363636364
37.3754 6 6.81818181818182
37.4057 6 6.45454545454545
37.4361 8 6.90909090909091
37.4664 9 7
37.4967 13 7
37.527 9 7.09090909090909
37.5573 2 6.90909090909091
37.5877 9 7.54545454545455
37.618 5 7.27272727272727
37.6483 6 7.18181818181818
37.6786 5 6.72727272727273
37.7089 4 6.54545454545455
37.7392 13 6.72727272727273
37.7696 5 6.45454545454545
37.7999 8 6.54545454545455
37.8302 8 6.63636363636364
37.8605 7 7.18181818181818
37.8908 4 7.27272727272727
37.9212 6 6.81818181818182
37.9515 6 6.81818181818182
37.9818 7 6.72727272727273
38.0121 11 6.81818181818182
38.0424 5 6.54545454545455
38.0728 8 6.63636363636364
38.1031 5 7.09090909090909
38.1334 7 6.72727272727273
38.1637 9 7.45454545454545
38.194 4 7.27272727272727
38.2244 5 7.27272727272727
38.2547 11 7.18181818181818
38.285 2 7.63636363636364
38.3153 15 7.63636363636364
38.3456 9 7.72727272727273
38.3759 5 8
38.4063 7 8.36363636363636
38.4366 10 8.09090909090909
38.4669 7 8.63636363636364
38.4972 10 8.09090909090909
38.5275 7 9.27272727272727
38.5579 9 11
38.5882 8 13.1818181818182
38.6185 8 15.1818181818182
38.6488 9 16.7272727272727
38.6791 22 16.8181818181818
38.7095 24 17.0909090909091
38.7398 31 17.5454545454545
38.7701 32 17.5454545454545
38.8004 24 17.4545454545455
38.8307 11 17.4545454545455
38.8611 10 16.0909090909091
38.8914 14 15.0909090909091
38.9217 8 13.3636363636364
38.952 7 10.8181818181818
38.9823 9 9.36363636363636
39.0126 7 8.81818181818182
39.043 13 9.54545454545455
39.0733 12 9
39.1036 4 9.36363636363636
39.1339 8 9.63636363636364
39.1642 5 9.45454545454546
39.1946 18 9.81818181818182
39.2249 8 9.81818181818182
39.2552 12 10.2727272727273
39.2855 10 10.7272727272727
39.3158 7 11.2727272727273
39.3462 11 11.8181818181818
39.3765 13 11.1818181818182
39.4068 17 11.2727272727273
39.4371 9 10.7272727272727
39.4674 14 10.8181818181818
39.4978 11 11
39.5281 11 11
39.5584 9 10.7272727272727
39.5887 6 9.90909090909091
39.619 11 10.0909090909091
39.6493 9 9.54545454545455
39.6797 11 9.90909090909091
39.71 10 9.90909090909091
39.7403 8 10.0909090909091
39.7706 11 10.7272727272727
39.8009 8 10.7272727272727
39.8313 15 10.9090909090909
39.8616 11 10.5454545454545
39.8919 11 11
39.9222 13 11.1818181818182
39.9525 11 11.1818181818182
39.9829 11 11.5454545454545
40.0132 7 11.3636363636364
40.0435 15 11.8181818181818
40.0738 10 12.3636363636364
40.1041 11 12.7272727272727
40.1345 12 12.8181818181818
40.1648 13 13.3636363636364
40.1951 16 13.9090909090909
40.2254 17 13.1818181818182
40.2557 17 13.4545454545455
40.286 12 14
40.3164 17 14.3636363636364
40.3467 13 14.2727272727273
40.377 7 14.4545454545455
40.4073 13 13.8181818181818
40.4376 17 13.5454545454545
40.468 16 13.8181818181818
40.4983 12 13.6363636363636
40.5286 18 13.9090909090909
40.5589 10 14.3636363636364
40.5892 14 14.5454545454545
40.6196 15 14.2727272727273
40.6499 15 14.3636363636364
40.6802 16 15.1818181818182
40.7105 12 15.1818181818182
40.7408 15 15.7272727272727
40.7711 14 16.0909090909091
40.8015 17 16.1818181818182
40.8318 21 17.4545454545455
40.8621 18 18.1818181818182
40.8924 16 18.7272727272727
40.9227 18 18.8181818181818
40.9531 16 19.3636363636364
40.9834 29 19.7272727272727
41.0137 24 20
41.044 18 19.8181818181818
41.0743 16 20.1818181818182
41.1047 20 20.5454545454545
41.135 21 21.8181818181818
41.1653 24 21.4545454545455
41.1956 16 22.5454545454545
41.2259 20 23.5454545454545
41.2563 22 24.5454545454545
41.2866 30 26.1818181818182
41.3169 25 26.8181818181818
41.3472 36 26.5454545454545
41.3775 29 28.0909090909091
41.4078 27 29.1818181818182
41.4382 38 30.1818181818182
41.4685 28 30.6363636363636
41.4988 21 32.5454545454545
41.5291 33 33.2727272727273
41.5594 32 34.8181818181818
41.5898 33 38
41.6201 35 39.0909090909091
41.6504 46 41.1818181818182
41.6807 44 45.0909090909091
41.711 46 48
41.7414 62 50.2727272727273
41.7717 50 53.1818181818182
41.802 51 55.5454545454545
41.8323 64 57.3636363636364
41.8626 65 60.8181818181818
41.893 57 63.1818181818182
41.9233 65 65.8181818181818
41.9536 61 69.3636363636364
41.9839 66 73.9090909090909
42.0142 82 76.2727272727273
42.0445 72 80.2727272727273
42.0749 91 85.8181818181818
42.1052 89 91.9090909090909
42.1355 101 99.6363636363636
42.1658 90 105.545454545455
42.1961 109 112
42.2265 118 118
42.2568 132 125.545454545455
42.2871 146 134.363636363636
42.3174 131 144.909090909091
42.3477 153 161.454545454545
42.3781 138 175.636363636364
42.4084 174 194.454545454545
42.4387 186 216.454545454545
42.469 217 240.636363636364
42.4993 272 270.181818181818
42.5297 265 309.181818181818
42.56 325 363.727272727273
42.5903 374 437.272727272727
42.6206 412 540.454545454546
42.6509 456 701.545454545455
42.6812 582 1077
42.7116 738 3752.45454545455
42.7419 983 46709.3636363636
42.7722 1321 183163.545454545
42.8025 1989 221567.909090909
42.8328 4402 222648.545454545
42.8632 29695 223144.181818182
42.8935 472851 223643.090909091
42.9238 1501370 223760.545454545
42.9541 422860 223735.454545455
42.9844 12343 223629.545454545
43.0148 6034 223292.727272727
43.0451 6226 220652.636363636
43.0754 2275 177737.272727273
43.1057 1045 41327.9090909091
43.136 824 2965.09090909091
43.1664 697 1920.45454545455
43.1967 654 1438.45454545455
43.227 782 929.363636363636
43.2573 867 762.090909090909
43.2876 869 689.636363636364
43.3179 852 629.454545454546
43.3483 732 579.636363636364
43.3786 626 532.545454545455
43.4089 435 474.454545454545
43.4392 248 407.272727272727
43.4695 162 336.818181818182
43.4999 149 268.454545454545
43.5302 136 210.727272727273
43.5605 143 161.818181818182
43.5908 128 129.545454545455
43.6211 94 115.090909090909
43.6515 100 107.181818181818
43.6818 97 99.8181818181818
43.7121 88 92.2727272727273
43.7424 80 84.5454545454545
43.7727 89 78.8181818181818
43.803 75 74.3636363636364
43.8334 68 70.1818181818182
43.8637 53 65.7272727272727
43.894 58 62.5454545454545
43.9243 65 60.2727272727273
43.9546 45 55.7272727272727
43.985 54 53.5454545454545
44.0153 48 52.2727272727273
44.0456 53 52.1818181818182
44.0759 55 50.2727272727273
44.1062 39 49.5454545454545
44.1366 51 48.3636363636364
44.1669 54 46.3636363636364
44.1972 52 44.7272727272727
44.2275 37 41.6363636363636
44.2578 57 38.8181818181818
44.2882 32 37.8181818181818
44.3185 32 34.8181818181818
44.3488 30 31.9090909090909
44.3791 19 29.2727272727273
44.4094 24 27.0909090909091
44.4397 28 23.8181818181818
44.4701 18 22.6363636363636
44.5004 22 20.9090909090909
44.5307 23 19.7272727272727
44.561 13 19.4545454545455
44.5913 21 19.2727272727273
44.6217 19 18.2727272727273
44.652 13 18.6363636363636
44.6823 17 17.7272727272727
44.7126 16 17.0909090909091
44.7429 22 17.8181818181818
44.7733 17 17.3636363636364
44.8036 22 17.1818181818182
44.8339 12 17.1818181818182
44.8642 16 16.5454545454545
44.8945 21 15.8181818181818
44.9249 16 14.9090909090909
44.9552 17 14.4545454545455
44.9855 13 13.5454545454545
45.0158 10 13.6363636363636
45.0461 8 13.4545454545455
45.0764 12 13
45.1068 12 12.2727272727273
45.1371 12 11.5454545454545
45.1674 13 11.0909090909091
45.1977 14 11.2727272727273
45.228 16 12
45.2584 8 11.7272727272727
45.2887 9 11.9090909090909
45.319 8 11.8181818181818
45.3493 12 11.7272727272727
45.3796 16 11.8181818181818
45.41 9 11.7272727272727
45.4403 14 11.7272727272727
45.4706 11 12.3636363636364
45.5009 12 12.9090909090909
45.5312 15 12.5454545454545
45.5616 15 12.2727272727273
45.5919 8 12.7272727272727
45.6222 16 12.6363636363636
45.6525 14 12.6363636363636
45.6828 8 12.1818181818182
45.7131 13 11.4545454545455
45.7435 14 10.9090909090909
45.7738 13 10.8181818181818
45.8041 11 10.2727272727273
45.8344 7 9.90909090909091
45.8647 7 10.5454545454545
45.8951 9 10.7272727272727
45.9254 7 9.90909090909091
45.9557 10 9.18181818181818
45.986 10 9.18181818181818
46.0163 15 9.72727272727273
46.0467 15 9.27272727272727
46.077 5 9.27272727272727
46.1073 5 9.27272727272727
46.1376 11 8.63636363636364
46.1679 13 8.72727272727273
46.1983 2 8.18181818181818
46.2286 9 7.54545454545455
46.2589 7 7.63636363636364
46.2892 3 7.72727272727273
46.3195 11 7.54545454545455
46.3498 9 6.81818181818182
46.3802 8 7
46.4105 6 6.90909090909091
46.4408 6 6.81818181818182
46.4711 9 7
46.5014 5 6.72727272727273
46.5318 4 6.45454545454545
46.5621 8 6.72727272727273
46.5924 6 7
46.6227 5 7.63636363636364
46.653 8 7.63636363636364
46.6834 6 7.63636363636364
46.7137 11 8.36363636363636
46.744 9 8.54545454545455
46.7743 13 8.63636363636364
46.8046 9 9.27272727272727
46.8349 5 9.45454545454546
46.8653 12 9.45454545454546
46.8956 10 9.36363636363636
46.9259 7 8.90909090909091
46.9562 12 8.09090909090909
46.9865 10 7.81818181818182
47.0169 6 7.63636363636364
47.0472 10 7.27272727272727
47.0775 4 7
47.1078 4 7.09090909090909
47.1381 6 6.36363636363636
47.1685 3 6.18181818181818
47.1988 8 6.63636363636364
47.2291 7 6.72727272727273
47.2594 8 7
47.2897 4 7.27272727272727
47.3201 8 7.45454545454545
47.3504 11 7.45454545454545
47.3807 11 7.18181818181818
47.411 7 6.90909090909091
47.4413 7 7
47.4716 8 7.09090909090909
47.502 3 7.18181818181818
47.5323 5 7.18181818181818
47.5626 4 6.72727272727273
47.5929 9 6.63636363636364
47.6232 5 6.36363636363636
47.6536 9 6.09090909090909
47.6839 11 6.54545454545455
47.7142 6 6.72727272727273
47.7445 6 6.72727272727273
47.7748 4 6.27272727272727
47.8052 5 6.81818181818182
47.8355 8 6.45454545454545
47.8658 7 6.18181818181818
47.8961 4 6
47.9264 4 5.72727272727273
47.9568 11 5.90909090909091
47.9871 5 6
48.0174 8 5.90909090909091
48.0477 4 5.63636363636364
48.078 3 5.81818181818182
48.1083 6 6
48.1387 6 5.45454545454545
48.169 7 5.54545454545455
48.1993 4 5.54545454545455
48.2296 6 5.81818181818182
48.2599 6 5.81818181818182
48.2903 5 6
48.3206 6 6.18181818181818
48.3509 8 5.90909090909091
48.3812 7 6
48.4115 3 6
48.4419 8 5.81818181818182
48.4722 8 6.09090909090909
48.5025 4 5.81818181818182
48.5328 5 5.36363636363636
48.5631 6 5.45454545454545
48.5935 4 5.54545454545455
48.6238 8 5
48.6541 3 4.54545454545455
48.6844 3 4.45454545454545
48.7147 8 4.54545454545455
48.745 4 4.45454545454545
48.7754 2 4.90909090909091
48.8057 3 4.81818181818182
48.836 3 5
48.8663 6 4.90909090909091
48.8966 5 4.63636363636364
48.927 9 5.09090909090909
48.9573 7 5.36363636363636
48.9876 5 5.54545454545455
49.0179 2 6
49.0482 5 5.72727272727273
49.0786 9 5.81818181818182
49.1089 5 5.45454545454545
49.1392 5 5.27272727272727
49.1695 8 5.18181818181818
49.1998 3 5.54545454545455
49.2302 6 5.63636363636364
49.2605 5 5.36363636363636
49.2908 5 5.09090909090909
49.3211 4 5
49.3514 6 5
49.3817 6 5.63636363636364
49.4121 6 5.63636363636364
49.4424 2 5.54545454545455
49.4727 4 5.72727272727273
49.503 8 5.63636363636364
49.5333 10 5.63636363636364
49.5637 6 5.45454545454545
49.594 4 5.27272727272727
49.6243 7 5.63636363636364
49.6546 3 5.63636363636364
49.6849 6 5.27272727272727
49.7153 4 4.63636363636364
49.7456 4 4.63636363636364
49.7759 6 4.63636363636364
49.8062 4 4.54545454545455
49.8365 4 4.63636363636364
49.8668 3 4.36363636363636
49.8972 6 4.54545454545455
49.9275 4 4.45454545454545
49.9578 6 4.36363636363636
49.9881 4 4.36363636363636
50.0184 3 4.45454545454545
50.0488 6 4.63636363636364
50.0791 3 4.63636363636364
50.1094 5 4.63636363636364
50.1397 4 4.45454545454545
50.17 5 4.63636363636364
50.2004 5 5
50.2307 6 4.90909090909091
50.261 4 5.36363636363636
50.2913 4 5.54545454545455
50.3216 6 5.63636363636364
50.352 7 5.45454545454545
50.3823 5 5.36363636363636
50.4126 8 4.90909090909091
50.4429 7 4.81818181818182
50.4732 5 4.90909090909091
50.5035 3 4.90909090909091
50.5339 4 4.81818181818182
50.5642 1 4.54545454545455
50.5945 3 4.09090909090909
50.6248 5 3.81818181818182
50.6551 6 4.18181818181818
50.6855 6 4.45454545454545
50.7158 2 4.63636363636364
50.7461 3 5
50.7764 4 5.36363636363636
50.8067 9 5.45454545454545
50.8371 6 5.36363636363636
50.8674 6 5
50.8977 5 5
50.928 7 5.45454545454545
50.9583 6 5.63636363636364
50.9887 5 5.18181818181818
51.019 2 5.27272727272727
51.0493 2 5.54545454545455
51.0796 8 5.63636363636364
51.1099 6 5.27272727272727
51.1402 4 5.09090909090909
51.1706 7 5.27272727272727
51.2009 9 5.45454545454545
51.2312 6 6.09090909090909
51.2615 3 5.72727272727273
51.2918 4 5.45454545454545
51.3222 7 5.27272727272727
51.3525 4 4.81818181818182
51.3828 9 4.27272727272727
51.4131 4 4.27272727272727
51.4434 3 4.18181818181818
51.4738 2 4.27272727272727
51.5041 2 4.54545454545455
51.5344 3 4.90909090909091
51.5647 6 4.45454545454545
51.595 2 4.72727272727273
51.6254 5 5.09090909090909
51.6557 10 5.18181818181818
51.686 8 5.45454545454545
51.7163 4 5.72727272727273
51.7466 7 5.63636363636364
51.7769 7 5.81818181818182
51.8073 3 5.81818181818182
51.8376 5 5.27272727272727
51.8679 6 5.54545454545455
51.8982 5 5.54545454545455
51.9285 4 5.36363636363636
51.9589 5 5.18181818181818
51.9892 4 5.45454545454545
52.0195 11 5.45454545454545
52.0498 4 5.54545454545455
52.0801 5 5.72727272727273
52.1105 5 5.54545454545455
52.1408 6 5.54545454545455
52.1711 5 5.27272727272727
52.2014 7 4.72727272727273
52.2317 7 4.90909090909091
52.2621 2 5.36363636363636
52.2924 5 5.54545454545455
52.3227 1 5.36363636363636
52.353 5 5.27272727272727
52.3833 6 5.18181818181818
52.4136 10 4.81818181818182
52.444 7 5.18181818181818
52.4743 4 5.09090909090909
52.5046 4 5.18181818181818
52.5349 6 5.18181818181818
52.5652 3 5
52.5956 6 4.81818181818182
52.6259 4 4.18181818181818
52.6562 2 4.09090909090909
52.6865 5 4.09090909090909
52.7168 4 4.18181818181818
52.7472 8 4.18181818181818
52.7775 0 4.09090909090909
52.8078 3 4.63636363636364
52.8381 4 4.72727272727273
52.8684 7 4.72727272727273
52.8988 3 4.63636363636364
52.9291 5 4.54545454545455
52.9594 10 4.72727272727273
52.9897 3 4.81818181818182
53.02 5 4.90909090909091
53.0503 3 4.54545454545455
53.0807 7 4.54545454545455
53.111 2 4.45454545454545
53.1413 4 4.18181818181818
53.1716 5 4.27272727272727
53.2019 3 4.45454545454545
53.2323 3 4.63636363636364
53.2626 4 4.36363636363636
53.2929 7 4.81818181818182
53.3232 4 5
53.3535 7 5.09090909090909
53.3839 5 4.90909090909091
53.4142 4 5
53.4445 7 5.45454545454545
53.4748 6 5.18181818181818
53.5051 6 4.81818181818182
53.5354 1 4.81818181818182
53.5658 4 4.81818181818182
53.5961 9 4.81818181818182
53.6264 4 4.72727272727273
53.6567 0 4.81818181818182
53.687 7 4.54545454545455
53.7174 5 4.54545454545455
53.7477 4 5
53.778 6 4.54545454545455
53.8083 7 4.54545454545455
53.8386 3 5.63636363636364
53.869 1 5.09090909090909
53.8993 9 5.18181818181818
53.9296 4 5.09090909090909
53.9599 4 5.18181818181818
53.9902 12 4.54545454545455
54.0206 1 4.90909090909091
54.0509 6 5.45454545454545
54.0812 3 5.27272727272727
54.1115 7 5.18181818181818
54.1418 0 5.18181818181818
54.1721 7 4.63636363636364
54.2025 7 5.45454545454545
54.2328 7 5.63636363636364
54.2631 3 6.27272727272727
54.2934 4 5.81818181818182
54.3237 6 6.09090909090909
54.3541 10 6.09090909090909
54.3844 8 6.36363636363636
54.4147 10 6.09090909090909
54.445 2 6.09090909090909
54.4753 3 6.36363636363636
54.5057 7 6.27272727272727
54.536 10 5.90909090909091
54.5663 4 5.63636363636364
54.5966 3 4.81818181818182
54.6269 7 5.18181818181818
54.6573 5 5.45454545454545
54.6876 6 5.18181818181818
54.7179 5 4.45454545454545
54.7482 1 4.54545454545455
54.7785 6 4.54545454545455
54.8088 6 4.18181818181818
54.8392 4 4.09090909090909
54.8695 2 3.90909090909091
54.8998 5 4
54.9301 3 4.54545454545455
54.9604 3 4.63636363636364
54.9908 4 4.63636363636364
55.0211 4 4.81818181818182
55.0514 6 5.18181818181818
55.0817 7 5
55.112 7 5.09090909090909
55.1424 6 5.27272727272727
55.1727 6 5.18181818181818
55.203 6 5.27272727272727
55.2333 3 5.27272727272727
55.2636 4 5.09090909090909
55.294 5 4.81818181818182
55.3243 3 4.72727272727273
55.3546 5 4.81818181818182
55.3849 6 4.81818181818182
55.4152 5 4.81818181818182
55.4455 4 5
55.4759 5 5
55.5062 7 5.36363636363636
55.5365 6 5.45454545454545
55.5668 3 5.36363636363636
55.5971 6 5.63636363636364
55.6275 5 5.63636363636364
55.6578 7 5.54545454545455
55.6881 6 5.63636363636364
55.7184 5 5.63636363636364
55.7487 8 5.63636363636364
55.7791 4 5.27272727272727
55.8094 4 5.36363636363636
55.8397 8 5.27272727272727
55.87 6 5.09090909090909
55.9003 3 5.18181818181818
55.9307 2 5.09090909090909
55.961 6 4.90909090909091
55.9913 6 4.90909090909091
56.0216 4 4.54545454545455
56.0519 6 4.54545454545455
56.0822 7 4.63636363636364
56.1126 2 4.90909090909091
56.1429 4 4.54545454545455
56.1732 4 4.36363636363636
56.2035 6 4.54545454545455
56.2338 4 4.72727272727273
56.2642 5 4.81818181818182
56.2945 2 5.63636363636364
56.3248 4 6
56.3551 6 6.54545454545455
56.3854 8 6.81818181818182
56.4158 8 6.81818181818182
56.4461 11 7.09090909090909
56.4764 8 7.63636363636364
56.5067 10 8
56.537 9 8.36363636363636
56.5673 4 8.90909090909091
56.5977 8 8.90909090909091
56.628 8 8.45454545454546
56.6583 8 8.45454545454546
56.6886 10 8.09090909090909
56.7189 14 8.09090909090909
56.7493 8 8.45454545454546
56.7796 6 9.09090909090909
56.8099 8 9.18181818181818
56.8402 6 9.72727272727273
56.8705 9 9.36363636363636
56.9009 8 8.63636363636364
56.9312 15 8.72727272727273
56.9615 9 9.27272727272727
56.9918 14 9.45454545454546
57.0221 6 9.72727272727273
57.0525 6 9.45454545454546
57.0828 9 9.81818181818182
57.1131 12 9.54545454545455
57.1434 10 9.36363636363636
57.1737 9 9.18181818181818
57.204 6 9.45454545454546
57.2344 12 9.45454545454546
57.2647 12 9.18181818181818
57.295 7 8.90909090909091
57.3253 12 8.18181818181818
57.3556 9 8.09090909090909
57.386 6 8.18181818181818
57.4163 6 8
57.4466 9 8.09090909090909
57.4769 2 8.54545454545455
57.5072 8 9
57.5376 7 9.81818181818182
57.5679 10 9.90909090909091
57.5982 13 10.2727272727273
57.6285 12 10.2727272727273
57.6588 17 11.0909090909091
57.6892 18 11.5454545454545
57.7195 7 12.1818181818182
57.7498 10 12.7272727272727
57.7801 9 12.8181818181818
57.8104 11 13.5454545454545
57.8407 13 13.0909090909091
57.8711 14 12.9090909090909
57.9014 16 12.8181818181818
57.9317 14 12.7272727272727
57.962 20 12.7272727272727
57.9923 12 12.9090909090909
58.0227 16 13
58.053 6 13.0909090909091
58.0833 9 12.8181818181818
58.1136 9 13.0909090909091
58.1439 13 12.5454545454545
58.1743 14 12.5454545454545
58.2046 15 12.3636363636364
58.2349 13 13.0909090909091
58.2652 17 13.7272727272727
58.2955 14 13.9090909090909
58.3259 12 14.2727272727273
58.3562 14 15.6363636363636
58.3865 14 16.8181818181818
58.4168 16 17.9090909090909
58.4471 11 18.2727272727273
58.4774 17 18.7272727272727
58.5078 29 19.5454545454545
58.5381 28 19.9090909090909
58.5684 25 20.6363636363636
58.5987 21 20.2727272727273
58.629 19 22
58.6594 21 23.2727272727273
58.6897 18 23.6363636363636
58.72 22 23.9090909090909
58.7503 12 24.3636363636364
58.7806 30 25.9090909090909
58.811 31 26.5454545454545
58.8413 33 25.9090909090909
58.8716 31 25.9090909090909
58.9019 30 26.3636363636364
58.9322 38 28.7272727272727
58.9626 26 28.9090909090909
58.9929 14 29.2727272727273
59.0232 18 30.0909090909091
59.0535 27 30.2727272727273
59.0838 38 31.4545454545455
59.1141 32 31.2727272727273
59.1445 35 31.4545454545455
59.1748 42 33.1818181818182
59.2051 33 34.9090909090909
59.2354 43 35.8181818181818
59.2657 36 36.3636363636364
59.2961 28 37.9090909090909
59.3264 33 39.8181818181818
59.3567 37 40.0909090909091
59.387 37 41.1818181818182
59.4173 44 41.3636363636364
59.4477 49 41.9090909090909
59.478 56 42.1818181818182
59.5083 45 42.9090909090909
59.5386 45 42.9090909090909
59.5689 45 44.1818181818182
59.5992 42 47.3636363636364
59.6296 31 51
59.6599 41 54.3636363636364
59.6902 37 57.7272727272727
59.7205 51 60.5454545454545
59.7508 79 62.5454545454545
59.7812 89 64.2727272727273
59.8115 93 67.8181818181818
59.8418 82 69.9090909090909
59.8721 76 74.5454545454545
59.9024 67 78.6363636363636
59.9328 61 83.5454545454545
59.9631 70 88.7272727272727
59.9934 64 92
60.0237 88 95.5454545454545
60.054 96 101.454545454545
60.0844 133 106.818181818182
60.1147 146 111.181818181818
60.145 129 117
60.1753 121 122.272727272727
60.2056 141 128.272727272727
60.2359 126 137
60.2663 109 146.090909090909
60.2966 134 156
60.3269 122 173.363636363636
60.3572 154 194
60.3875 192 213.545454545455
60.4179 233 230.272727272727
60.4482 255 247.636363636364
60.4785 320 267.909090909091
60.5088 348 296.727272727273
60.5391 356 333.545454545455
60.5695 310 389.363636363636
60.5998 300 464.818181818182
60.6301 357 573.090909090909
60.6604 439 706.818181818182
60.6907 559 877.454545454546
60.7211 806 1083.45454545455
60.7514 1063 1313.45454545455
60.7817 1446 1576
60.812 1791 1843.36363636364
60.8423 2225 2099.54545454545
60.8726 2622 2328.63636363636
60.903 2840 2516.90909090909
60.9333 3188 2651.45454545455
60.9636 3298 2717.18181818182
60.9939 3257 2729.36363636364
61.0242 3079 2665.09090909091
61.0546 2877 2538.54545454545
61.0849 2543 2367.54545454545
61.1152 2169 2145.18181818182
61.1455 1925 1903.27272727273
61.1758 1518 1649.36363636364
61.2062 1230 1405.90909090909
61.2365 959 1173.54545454545
61.2668 742 967.090909090909
61.2971 637 791.818181818182
61.3274 464 635.181818181818
61.3578 401 515.181818181818
61.3881 321 416.909090909091
61.4184 272 342.818181818182
61.4487 241 285.181818181818
61.479 202 235.363636363636
61.5093 198 200
61.5397 149 169.909090909091
61.57 144 145.727272727273
61.6003 108 126.727272727273
61.6306 89 109.363636363636
61.6609 75 96.8181818181818
61.6913 70 84.7272727272727
61.7216 55 77.3636363636364
61.7519 63 69.6363636363636
61.7822 50 63.9090909090909
61.8125 64 58.1818181818182
61.8429 65 54.4545454545455
61.8732 68 50.7272727272727
61.9035 59 48.3636363636364
61.9338 45 44.9090909090909
61.9641 26 42.8181818181818
61.9945 34 39.2727272727273
62.0248 29 35.6363636363636
62.0551 29 32.0909090909091
62.0854 25 28.2727272727273
62.1157 27 25.7272727272727
62.146 25 25.5454545454545
62.1764 25 24.3636363636364
62.2067 29 23.0909090909091
62.237 17 21.3636363636364
62.2673 17 19.9090909090909
62.2976 24 18.6363636363636
62.328 21 17.6363636363636
62.3583 15 17
62.3886 10 14.9090909090909
62.4189 9 14.5454545454545
62.4492 13 13.8181818181818
62.4796 14 12.5454545454545
62.5099 18 11.7272727272727
62.5402 6 10.9090909090909
62.5705 13 11
62.6008 9 11.3636363636364
62.6311 10 11
62.6615 12 10.7272727272727
62.6918 6 9.63636363636364
62.7221 11 9.72727272727273
62.7524 13 9.54545454545455
62.7827 9 9.27272727272727
62.8131 11 9.18181818181818
62.8434 6 9.09090909090909
62.8737 7 9.27272727272727
62.904 11 9.18181818181818
62.9343 6 8.54545454545455
62.9647 9 8.54545454545455
62.995 11 8.18181818181818
63.0253 8 7.90909090909091
63.0556 10 7.72727272727273
63.0859 6 7.27272727272727
63.1163 9 7.54545454545455
63.1466 7 7.09090909090909
63.1769 3 6.72727272727273
63.2072 5 6.81818181818182
63.2375 6 6.27272727272727
63.2678 9 6.45454545454545
63.2982 4 6.45454545454545
63.3285 7 6.09090909090909
63.3588 9 6.18181818181818
63.3891 4 6.36363636363636
63.4194 8 5.90909090909091
63.4498 9 5.72727272727273
63.4801 3 6.09090909090909
63.5104 4 6
63.5407 7 5.54545454545455
63.571 1 5.81818181818182
63.6014 7 5.63636363636364
63.6317 8 5.18181818181818
63.662 6 5.54545454545455
63.6923 4 5.81818181818182
63.7226 7 5.54545454545455
63.753 6 5.81818181818182
63.7833 4 5.45454545454545
63.8136 7 5.45454545454545
63.8439 7 5.54545454545455
63.8742 4 5.63636363636364
63.9045 4 5.18181818181818
63.9349 3 5.09090909090909
63.9652 8 5.54545454545455
63.9955 7 5.45454545454545
64.0258 5 5.54545454545455
64.0561 2 5.54545454545455
64.0865 5 5.36363636363636
64.1168 9 5.27272727272727
64.1471 6 5.36363636363636
64.1774 8 5.45454545454545
64.2077 4 5.72727272727273
64.2381 2 6.72727272727273
64.2684 2 7.81818181818182
64.2987 9 9
64.329 8 12.5454545454545
64.3593 8 16.8181818181818
64.3897 13 22.1818181818182
64.42 17 27.6363636363636
64.4503 22 31.4545454545455
64.4806 45 32.8181818181818
64.5109 55 33.0909090909091
64.5412 63 33.0909090909091
64.5716 62 32.4545454545455
64.6019 44 31.2727272727273
64.6322 24 29.7272727272727
64.6625 11 26.4545454545455
64.6928 8 22
64.7232 6 16.6363636363636
64.7535 4 11.3636363636364
64.7838 5 7.54545454545455
64.8141 9 5.81818181818182
64.8444 6 5.36363636363636
64.8748 4 5.09090909090909
64.9051 4 5
64.9354 2 5.09090909090909
64.9657 5 5.18181818181818
64.996 6 4.36363636363636
65.0264 5 4.18181818181818