27.9765 6 5.09090909090909
28.0069 6 4.36363636363636
28.0372 6 4.45454545454545
28.0675 2 4.63636363636364
28.0978 9 5
28.1281 5 5.54545454545455
28.1584 3 5.81818181818182
28.1888 4 5.81818181818182
28.2191 6 6.09090909090909
28.2494 8 6.45454545454545
28.2797 6 6.27272727272727
28.31 9 6.27272727272727
28.3404 6 6.90909090909091
28.3707 9 6.81818181818182
28.401 6 6.72727272727273
28.4313 7 6.45454545454545
28.4616 5 6.63636363636364
28.492 10 6.27272727272727
28.5223 3 6.45454545454545
28.5526 5 6.18181818181818
28.5829 5 6.36363636363636
28.6132 8 6.54545454545455
28.6435 5 7.54545454545455
28.6739 8 7.72727272727273
28.7042 6 8.18181818181818
28.7345 8 8.54545454545455
28.7648 9 8.81818181818182
28.7951 16 9.09090909090909
28.8255 12 9.18181818181818
28.8558 8 9.18181818181818
28.8861 9 9.45454545454546
28.9164 8 9.36363636363636
28.9467 11 9.36363636363636
28.9771 6 8.72727272727273
29.0074 8 9
29.0377 9 9.09090909090909
29.068 7 8.81818181818182
29.0983 9 8.72727272727273
29.1287 9 9.18181818181818
29.159 15 9.63636363636364
29.1893 9 9.81818181818182
29.2196 6 9.81818181818182
29.2499 7 10.2727272727273
29.2802 16 10.4545454545455
29.3106 11 10.1818181818182
29.3409 10 9.27272727272727
29.3712 9 9.36363636363636
29.4015 12 9.45454545454546
29.4318 11 9.09090909090909
29.4622 6 8.27272727272727
29.4925 5 7.81818181818182
29.5228 10 8.09090909090909
29.5531 7 8.27272727272727
29.5834 3 7.63636363636364
29.6138 7 7.09090909090909
29.6441 6 7
29.6744 13 7.09090909090909
29.7047 11 6.90909090909091
29.735 5 6.72727272727273
29.7654 5 7.09090909090909
29.7957 5 6.90909090909091
29.826 6 6.54545454545455
29.8563 8 5.81818181818182
29.8866 5 5.63636363636364
29.9169 7 5.54545454545455
29.9473 5 6.27272727272727
29.9776 2 6.45454545454545
30.0079 5 6.36363636363636
30.0382 9 6.18181818181818
30.0685 4 6.09090909090909
30.0989 13 5.81818181818182
30.1292 7 5.54545454545455
30.1595 5 5.81818181818182
30.1898 6 5.63636363636364
30.2201 4 5.36363636363636
30.2505 4 5.18181818181818
30.2808 2 4.27272727272727
30.3111 5 4.09090909090909
30.3414 3 4.09090909090909
30.3717 6 3.81818181818182
30.4021 2 4.09090909090909
30.4324 3 3.90909090909091
30.4627 5 4.27272727272727
30.493 5 4.09090909090909
30.5233 3 4.09090909090909
30.5536 7 4.27272727272727
30.584 2 4.36363636363636
30.6143 6 4.63636363636364
30.6446 3 4.63636363636364
30.6749 3 4.54545454545455
30.7052 8 4.72727272727273
30.7356 3 4.45454545454545
30.7659 6 4.72727272727273
30.7962 5 4.54545454545455
30.8265 4 4.63636363636364
30.8568 5 4.54545454545455
30.8872 4 4.36363636363636
30.9175 5 4.72727272727273
30.9478 4 4.63636363636364
30.9781 4 4.45454545454545
31.0084 2 4.45454545454545
31.0388 6 4.45454545454545
31.0691 7 4.54545454545455
31.0994 5 4.45454545454545
31.1297 3 4.90909090909091
31.16 4 5
31.1903 5 5.18181818181818
31.2207 5 5
31.251 4 4.81818181818182
31.2813 9 5
31.3116 5 5.45454545454545
31.3419 4 5.36363636363636
31.3723 4 5.45454545454545
31.4026 5 5.27272727272727
31.4329 7 5.18181818181818
31.4632 8 4.63636363636364
31.4935 3 4.45454545454545
31.5239 6 4.36363636363636
31.5542 3 4.54545454545455
31.5845 3 4.54545454545455
31.6148 3 4.27272727272727
31.6451 3 4
31.6754 3 4
31.7058 6 4.09090909090909
31.7361 5 4
31.7664 4 4.18181818181818
31.7967 5 4.45454545454545
31.827 3 4.45454545454545
31.8574 7 4.27272727272727
31.8877 2 4.18181818181818
31.918 5 4.09090909090909
31.9483 6 4.27272727272727
31.9786 3 4.27272727272727
32.009 1 4.27272727272727
32.0393 5 4.18181818181818
32.0696 4 4.36363636363636
32.0999 6 4.09090909090909
32.1302 5 3.90909090909091
32.1606 3 3.81818181818182
32.1909 6 4.36363636363636
32.2212 4 4.27272727272727
32.2515 2 4
32.2818 4 3.81818181818182
32.3121 2 3.63636363636364
32.3425 7 4.09090909090909
32.3728 4 4
32.4031 1 4
32.4334 4 4.18181818181818
32.4637 3 4.18181818181818
32.4941 8 4.27272727272727
32.5244 5 4.09090909090909
32.5547 4 4
32.585 4 4.18181818181818
32.6153 4 4.54545454545455
32.6457 3 4.54545454545455
32.676 5 4.36363636363636
32.7063 3 4.18181818181818
32.7366 3 4.09090909090909
32.7669 8 4
32.7973 3 3.81818181818182
32.8276 6 3.72727272727273
32.8579 3 3.45454545454545
32.8882 3 3.54545454545455
32.9185 3 3.81818181818182
32.9488 2 3.54545454545455
32.9792 2 3.63636363636364
33.0095 2 3.27272727272727
33.0398 4 3.36363636363636
33.0701 6 3.36363636363636
33.1004 5 3.45454545454545
33.1308 4 3.72727272727273
33.1611 2 3.90909090909091
33.1914 4 3.90909090909091
33.2217 3 4
33.252 4 3.72727272727273
33.2824 5 3.54545454545455
33.3127 4 3.63636363636364
33.343 2 3.72727272727273
33.3733 5 3.54545454545455
33.4036 3 3.72727272727273
33.434 3 3.63636363636364
33.4643 5 3.54545454545455
33.4946 3 3.45454545454545
33.5249 2 3.72727272727273
33.5552 5 3.72727272727273
33.5855 3 4
33.6159 4 4
33.6462 3 4.18181818181818
33.6765 5 4
33.7068 5 4.63636363636364
33.7371 6 4.45454545454545
33.7675 3 4.45454545454545
33.7978 7 4.36363636363636
33.8281 1 4.72727272727273
33.8584 9 4.81818181818182
33.8887 3 4.81818181818182
33.9191 3 4.63636363636364
33.9494 3 5.09090909090909
33.9797 7 4.81818181818182
34.01 6 4.90909090909091
34.0403 5 4.54545454545455
34.0707 4 4.36363636363636
34.101 8 4.36363636363636
34.1313 4 4.45454545454545
34.1616 2 4.18181818181818
34.1919 5 4.18181818181818
34.2222 1 4.54545454545455
34.2526 3 4.36363636363636
34.2829 4 4
34.3132 4 4.09090909090909
34.3435 6 4.36363636363636
34.3738 9 3.90909090909091
34.4042 2 4.18181818181818
34.4345 4 4.18181818181818
34.4648 5 4.09090909090909
34.4951 5 3.90909090909091
34.5254 0 3.45454545454545
34.5558 4 3.09090909090909
34.5861 3 3.09090909090909
34.6164 3 2.72727272727273
34.6467 2 2.54545454545455
34.677 1 2.81818181818182
34.7073 5 3.36363636363636
34.7377 2 3.54545454545455
34.768 0 4
34.7983 3 4.18181818181818
34.8286 8 4.27272727272727
34.8589 6 4.36363636363636
34.8893 6 4.45454545454545
34.9196 8 4.63636363636364
34.9499 5 4.90909090909091
34.9802 3 4.72727272727273
35.0105 2 4.45454545454545
35.0409 6 4.45454545454545
35.0712 4 4.27272727272727
35.1015 3 3.81818181818182
35.1318 1 3.90909090909091
35.1621 5 3.90909090909091
35.1925 6 4
35.2228 4 4
35.2531 3 3.90909090909091
35.2834 6 4.09090909090909
35.3137 3 4.45454545454545
35.344 3 4.36363636363636
35.3744 6 4.09090909090909
35.4047 3 4.36363636363636
35.435 5 4.81818181818182
35.4653 5 4.36363636363636
35.4956 4 4.81818181818182
35.526 3 4.81818181818182
35.5563 7 4.81818181818182
35.5866 8 4.90909090909091
35.6169 1 4.54545454545455
35.6472 8 4.36363636363636
35.6776 3 4.54545454545455
35.7079 6 4.54545454545455
35.7382 4 4.36363636363636
35.7685 1 4
35.7988 3 4.09090909090909
35.8292 6 3.72727272727273
35.8595 3 3.90909090909091
35.8898 5 4.27272727272727
35.9201 4 4.45454545454545
35.9504 2 4.72727272727273
35.9807 4 4.81818181818182
36.0111 5 4.81818181818182
36.0414 10 5.36363636363636
36.0717 6 5.54545454545455
36.102 4 5.36363636363636
36.1323 4 5.36363636363636
36.1627 6 5.36363636363636
36.193 9 5.09090909090909
36.2233 7 4.36363636363636
36.2536 2 4.27272727272727
36.2839 2 4.54545454545455
36.3143 4 4.72727272727273
36.3446 2 4.27272727272727
36.3749 2 3.90909090909091
36.4052 5 3.54545454545455
36.4355 7 3.63636363636364
36.4659 6 4
36.4962 1 3.90909090909091
36.5265 5 4.54545454545455
36.5568 3 4.45454545454545
36.5871 3 4.36363636363636
36.6174 6 4.18181818181818
36.6478 3 4.09090909090909
36.6781 9 4.45454545454545
36.7084 1 4.72727272727273
36.7387 4 5.18181818181818
36.769 5 5.09090909090909
36.7994 5 4.90909090909091
36.8297 5 5
36.86 8 4.63636363636364
36.8903 8 5
36.9206 2 5.09090909090909
36.951 4 5
36.9813 4 5.18181818181818
37.0116 5 5.63636363636364
37.0419 5 5.27272727272727
37.0722 5 4.90909090909091
37.1026 4 5.09090909090909
37.1329 7 5.36363636363636
37.1632 10 5.36363636363636
37.1935 4 5.18181818181818
37.2238 4 5
37.2541 4 5.18181818181818
37.2845 7 5.36363636363636
37.3148 4 5.36363636363636
37.3451 3 4.81818181818182
37.3754 3 4.90909090909091
37.4057 7 4.72727272727273
37.4361 6 4.72727272727273
37.4664 7 4.81818181818182
37.4967 4 5.09090909090909
37.527 5 5.27272727272727
37.5573 2 5.36363636363636
37.5877 4 5.18181818181818
37.618 8 5.18181818181818
37.6483 7 4.90909090909091
37.6786 5 5
37.7089 4 4.81818181818182
37.7392 5 5.09090909090909
37.7696 6 5.45454545454545
37.7999 4 5
37.8302 5 4.72727272727273
37.8605 3 4.45454545454545
37.8908 5 4.72727272727273
37.9212 8 4.72727272727273
37.9515 3 4.72727272727273
37.9818 4 4.63636363636364
38.0121 2 4.72727272727273
38.0424 7 4.81818181818182
38.0728 5 4.81818181818182
38.1031 6 4.72727272727273
38.1334 3 4.81818181818182
38.1637 6 4.63636363636364
38.194 4 5
38.2244 5 4.54545454545455
38.2547 7 4.63636363636364
38.285 4 4.63636363636364
38.3153 2 4.72727272727273
38.3456 6 4.36363636363636
38.3759 2 4.18181818181818
38.4063 6 4.63636363636364
38.4366 6 4.63636363636364
38.4669 4 5
38.4972 2 5.54545454545455
38.5275 2 5.72727272727273
38.5579 10 8.09090909090909
38.5882 7 10.8181818181818
38.6185 8 13.2727272727273
38.6488 8 15.0909090909091
38.6791 8 15.8181818181818
38.7095 28 16.8181818181818
38.7398 36 16.2727272727273
38.7701 33 16.4545454545455
38.8004 24 16.3636363636364
38.8307 10 16.3636363636364
38.8611 13 16.0909090909091
38.8914 4 14
38.9217 9 11.3636363636364
38.952 7 8.81818181818182
38.9823 8 7.27272727272727
39.0126 5 6.90909090909091
39.043 5 6.27272727272727
39.0733 7 6.36363636363636
39.1036 5 6
39.1339 7 5.63636363636364
39.1642 6 6
39.1946 6 6
39.2249 5 6.18181818181818
39.2552 5 6.36363636363636
39.2855 3 6.45454545454545
39.3158 12 6.36363636363636
39.3462 5 6.36363636363636
39.3765 7 6.27272727272727
39.4068 9 6.36363636363636
39.4371 6 6.54545454545455
39.4674 6 6.63636363636364
39.4978 6 5.90909090909091
39.5281 5 6
39.5584 6 6.09090909090909
39.5887 7 5.54545454545455
39.619 4 5.54545454545455
39.6493 4 5.36363636363636
39.6797 6 5.45454545454545
39.71 8 5.45454545454545
39.7403 3 5.36363636363636
39.7706 6 5.36363636363636
39.8009 4 5.18181818181818
39.8313 7 5.72727272727273
39.8616 5 5.54545454545455
39.8919 5 5
39.9222 7 5.36363636363636
39.9525 2 5
39.9829 10 5
40.0132 4 4.72727272727273
40.0435 2 4.90909090909091
40.0738 7 5
40.1041 2 5.27272727272727
40.1345 4 5.72727272727273
40.1648 4 5.45454545454545
40.1951 7 5.63636363636364
40.2254 6 6.27272727272727
40.2557 10 6.72727272727273
40.286 7 7.63636363636364
40.3164 7 8
40.3467 6 8.81818181818182
40.377 9 8.63636363636364
40.4073 12 8.90909090909091
40.4376 12 8.63636363636364
40.468 8 8.18181818181818
40.4983 13 8.36363636363636
40.5286 5 8.63636363636364
40.5589 9 8.72727272727273
40.5892 7 8.63636363636364
40.6196 2 8.90909090909091
40.6499 9 9.36363636363636
40.6802 9 9.27272727272727
40.7105 10 10.0909090909091
40.7408 11 10.3636363636364
40.7711 15 10.8181818181818
40.8015 13 11.1818181818182
40.8318 12 11.3636363636364
40.8621 14 11.9090909090909
40.8924 12 12.1818181818182
40.9227 12 12.2727272727273
40.9531 6 12.3636363636364
40.9834 11 11.7272727272727
41.0137 15 12.2727272727273
41.044 13 12
41.0743 12 12
41.1047 16 12.3636363636364
41.135 6 13.7272727272727
41.1653 18 13.9090909090909
41.1956 11 13.5454545454545
41.2259 12 13.7272727272727
41.2563 16 14.6363636363636
41.2866 21 14.9090909090909
41.3169 13 16.5454545454545
41.3472 11 17.1818181818182
41.3775 15 18.6363636363636
41.4078 22 20.3636363636364
41.4382 19 20.9090909090909
41.4685 24 21.0909090909091
41.4988 25 23.0909090909091
41.5291 27 25.9090909090909
41.5594 31 27.4545454545455
41.5898 22 29.7272727272727
41.6201 23 31.1818181818182
41.6504 35 34.2727272727273
41.6807 42 35.6363636363636
41.711 32 37.5454545454545
41.7414 47 39.8181818181818
41.7717 35 43.4545454545455
41.802 58 47.3636363636364
41.8323 40 49.2727272727273
41.8626 48 50.7272727272727
41.893 56 54.1818181818182
41.9233 62 54.4545454545455
41.9536 66 59.2727272727273
41.9839 56 59.5454545454545
42.0142 58 63.8181818181818
42.0445 70 68.1818181818182
42.0749 50 70.1818181818182
42.1052 88 71.5454545454545
42.1355 61 74.7272727272727
42.1658 87 78.8181818181818
42.1961 96 83
42.2265 78 88.9090909090909
42.2568 77 97.1818181818182
42.2871 101 103
42.3174 101 112.818181818182
42.3477 104 120.181818181818
42.3781 135 131.090909090909
42.4084 141 147.818181818182
42.4387 152 166.181818181818
42.469 169 190.272727272727
42.4993 168 219.909090909091
42.5297 216 261.636363636364
42.56 262 316.181818181818
42.5903 279 389.363636363636
42.6206 366 493.727272727273
42.6509 427 677.909090909091
42.6812 563 1134.09090909091
42.7116 735 3746.09090909091
42.7419 946 56703.7272727273
42.7722 1300 223100.181818182
42.8025 2195 251912.909090909
42.8328 5186 253094.363636364
42.8632 28948 253693.727272727
42.8935 582796 254305.272727273
42.9238 1830640 254425.454545455
42.9541 317306 254407.545454545
42.9844 13423 254288.181818182
43.0148 7156 253883.363636364
43.0451 7462 251322.272727273
43.0754 2268 198424.909090909
43.1057 1103 32100.0909090909
43.136 882 3347.90909090909
43.1664 733 2212.90909090909
43.1967 776 1633.18181818182
43.227 925 1017.36363636364
43.2573 1067 853.090909090909
43.2876 1032 771.545454545455
43.3179 938 702.818181818182
43.3483 779 646.909090909091
43.3786 688 585.090909090909
43.4089 461 510.909090909091
43.4392 206 421.727272727273
43.4695 126 336.545454545455
43.4999 118 260.181818181818
43.5302 96 197
43.5605 109 140.818181818182
43.5908 86 103.727272727273
43.6211 95 90.8181818181818
43.6515 98 85.8181818181818
43.6818 84 79.4545454545455
43.7121 70 75.5454545454545
43.7424 53 70.2727272727273
43.7727 64 66.9090909090909
43.803 71 62.6363636363636
43.8334 48 57.2727272727273
43.8637 53 53.2727272727273
43.894 51 50.3636363636364
43.9243 49 48.1818181818182
43.9546 48 44.5454545454545
43.985 39 41.3636363636364
44.0153 40 40.1818181818182
44.0456 38 38.4545454545455
44.0759 29 37.0909090909091
44.1062 24 37.4545454545455
44.1366 36 35.8181818181818
44.1669 35 34.8181818181818
44.1972 34 33.2727272727273
44.2275 36 31.8181818181818
44.2578 53 31.1818181818182
44.2882 30 30.5454545454545
44.3185 28 28.8181818181818
44.3488 23 27.1818181818182
44.3791 22 25.3636363636364
44.4094 22 23.3636363636364
44.4397 17 19.8181818181818
44.4701 17 18.4545454545455
44.5004 17 17.3636363636364
44.5307 14 17
44.561 14 16.2727272727273
44.5913 14 15.0909090909091
44.6217 15 14.9090909090909
44.652 16 14.6363636363636
44.6823 19 13.8181818181818
44.7126 14 13.3636363636364
44.7429 9 13.3636363636364
44.7733 15 12.4545454545455
44.8036 14 11.8181818181818
44.8339 8 11.2727272727273
44.8642 9 10
44.8945 14 9.45454545454546
44.9249 4 9.63636363636364
44.9552 8 9.27272727272727
44.9855 10 9.36363636363636
45.0158 5 9.54545454545455
45.0461 8 9.18181818181818
45.0764 11 8.90909090909091
45.1068 11 9.27272727272727
45.1371 15 9.63636363636364
45.1674 10 9.54545454545455
45.1977 5 9.63636363636364
45.228 11 9.72727272727273
45.2584 8 9.18181818181818
45.2887 12 8.90909090909091
45.319 9 8
45.3493 6 7.45454545454545
45.3796 9 7.63636363636364
45.41 5 7.54545454545455
45.4403 8 7.45454545454545
45.4706 5 7.54545454545455
45.5009 4 7.45454545454545
45.5312 7 7.27272727272727
45.5616 10 6.81818181818182
45.5919 7 7
45.6222 13 7
45.6525 8 7.27272727272727
45.6828 4 7.63636363636364
45.7131 4 7.72727272727273
45.7435 7 7.45454545454545
45.7738 8 7.54545454545455
45.8041 8 6.90909090909091
45.8344 8 6.54545454545455
45.8647 8 6.54545454545455
45.8951 7 6.90909090909091
45.9254 8 6.36363636363636
45.9557 6 6
45.986 4 5.81818181818182
46.0163 4 5.54545454545455
46.0467 8 5.54545454545455
46.077 1 5.54545454545455
46.1073 4 5.27272727272727
46.1376 6 5
46.1679 5 5.18181818181818
46.1983 8 5.72727272727273
46.2286 7 5.45454545454545
46.2589 5 6
46.2892 3 6.18181818181818
46.3195 6 5.90909090909091
46.3498 10 6
46.3802 5 5.63636363636364
46.4105 7 5.45454545454545
46.4408 6 5.54545454545455
46.4711 3 5.63636363636364
46.5014 6 5.63636363636364
46.5318 4 5
46.5621 5 4.81818181818182
46.5924 6 4.54545454545455
46.6227 4 4.54545454545455
46.653 6 4.36363636363636
46.6834 3 4.45454545454545
46.7137 3 4.27272727272727
46.744 4 4.18181818181818
46.7743 6 4.09090909090909
46.8046 1 4
46.8349 7 4
46.8653 2 4
46.8956 4 4.18181818181818
46.9259 5 4.09090909090909
46.9562 3 3.81818181818182
46.9865 6 5.27272727272727
47.0169 3 5
47.0472 5 5.09090909090909
47.0775 3 5
47.1078 3 5.09090909090909
47.1381 17 5.63636363636364
47.1685 4 5.81818181818182
47.1988 3 5.90909090909091
47.2291 3 5.54545454545455
47.2594 6 5.63636363636364
47.2897 9 5.90909090909091
47.3201 8 4.72727272727273
47.3504 4 4.63636363636364
47.3807 1 4.63636363636364
47.411 4 4.63636363636364
47.4413 6 4.45454545454545
47.4716 4 4.18181818181818
47.502 3 4
47.5323 3 4.18181818181818
47.5626 3 4.27272727272727
47.5929 4 4.18181818181818
47.6232 6 3.81818181818182
47.6536 6 3.72727272727273
47.6839 6 3.45454545454545
47.7142 2 3.63636363636364
47.7445 3 3.54545454545455
47.7748 2 3.45454545454545
47.8052 3 3.09090909090909
47.8355 0 2.81818181818182
47.8658 5 2.27272727272727
47.8961 2 2.36363636363636
47.9264 3 2.54545454545455
47.9568 2 2.54545454545455
47.9871 3 2.36363636363636
48.0174 0 2.72727272727273
48.0477 3 2.63636363636364
48.078 5 2.81818181818182
48.1083 2 2.81818181818182
48.1387 1 2.81818181818182
48.169 4 2.72727272727273
48.1993 4 3.09090909090909
48.2296 4 3.09090909090909
48.2599 3 2.63636363636364
48.2903 2 2.63636363636364
48.3206 2 3.09090909090909
48.3509 4 2.90909090909091
48.3812 3 2.81818181818182
48.4115 0 2.63636363636364
48.4419 2 2.63636363636364
48.4722 6 2.63636363636364
48.5025 2 2.72727272727273
48.5328 3 3
48.5631 2 2.90909090909091
48.5935 3 3.27272727272727
48.6238 2 3.36363636363636
48.6541 3 2.81818181818182
48.6844 7 3.09090909090909
48.7147 2 3.09090909090909
48.745 4 3.09090909090909
48.7754 3 3.09090909090909
48.8057 0 3.18181818181818
48.836 5 3.27272727272727
48.8663 3 2.90909090909091
48.8966 2 3.18181818181818
48.927 3 3.18181818181818
48.9573 3 3.45454545454545
48.9876 4 3.63636363636364
49.0179 3 3.27272727272727
49.0482 5 3.45454545454545
49.0786 4 3.45454545454545
49.1089 6 3.63636363636364
49.1392 2 3.63636363636364
49.1695 1 3.81818181818182
49.1998 5 3.81818181818182
49.2302 2 3.72727272727273
49.2605 5 3.63636363636364
49.2908 3 3.54545454545455
49.3211 6 3.81818181818182
49.3514 3 4.09090909090909
49.3817 4 3.90909090909091
49.4121 3 4.27272727272727
49.4424 5 4.18181818181818
49.4727 5 4.09090909090909
49.503 4 3.90909090909091
49.5333 3 3.72727272727273
49.5637 6 3.63636363636364
49.594 4 3.81818181818182
49.6243 2 3.72727272727273
49.6546 4 3.45454545454545
49.6849 1 3.27272727272727
49.7153 3 3.18181818181818
49.7456 5 2.63636363636364
49.7759 4 2.63636363636364
49.8062 2 2.72727272727273
49.8365 2 2.72727272727273
49.8668 2 3
49.8972 0 2.90909090909091
49.9275 4 2.90909090909091
49.9578 3 2.63636363636364
49.9881 4 2.81818181818182
50.0184 4 2.90909090909091
50.0488 2 3
50.0791 5 3.27272727272727
50.1094 1 3
50.1397 4 2.81818181818182
50.17 3 2.81818181818182
50.2004 3 2.63636363636364
50.2307 3 2.81818181818182
50.261 1 2.45454545454545
50.2913 1 2.54545454545455
50.3216 4 2.45454545454545
50.352 2 2.27272727272727
50.3823 4 2.18181818181818
50.4126 1 2.27272727272727
50.4429 2 2.63636363636364
50.4732 3 3
50.5035 1 3
50.5339 2 3.27272727272727
50.5642 4 3.18181818181818
50.5945 5 3.09090909090909
50.6248 5 2.90909090909091
50.6551 4 3
50.6855 5 3.27272727272727
50.7158 3 3.63636363636364
50.7461 0 3.45454545454545
50.7764 0 3
50.8067 4 3
50.8371 4 3
50.8674 6 2.72727272727273
50.8977 2 2.54545454545455
50.928 0 2.90909090909091
50.9583 5 3.27272727272727
50.9887 4 3.36363636363636
51.019 2 3.27272727272727
51.0493 1 3.18181818181818
51.0796 4 3.27272727272727
51.1099 4 3.54545454545455
51.1402 5 3.45454545454545
51.1706 3 3.54545454545455
51.2009 5 3.63636363636364
51.2312 3 3.72727272727273
51.2615 3 3.36363636363636
51.2918 4 3.09090909090909
51.3222 5 3
51.3525 3 2.90909090909091
51.3828 2 2.72727272727273
51.4131 0 2.63636363636364
51.4434 1 2.72727272727273
51.4738 4 2.54545454545455
51.5041 2 2.27272727272727
51.5344 3 2.45454545454545
51.5647 2 2.36363636363636
51.595 4 2.63636363636364
51.6254 2 2.81818181818182
51.6557 2 2.54545454545455
51.686 5 2.72727272727273
51.7163 1 2.63636363636364
51.7466 3 2.72727272727273
51.7769 3 2.54545454545455
51.8073 1 2.54545454545455
51.8376 4 2.54545454545455
51.8679 2 2.27272727272727
51.8982 3 2.54545454545455
51.9285 2 2.54545454545455
51.9589 2 2.54545454545455
51.9892 2 2.63636363636364
52.0195 2 2.36363636363636
52.0498 4 2.36363636363636
52.0801 3 2.45454545454545
52.1105 3 2.90909090909091
52.1408 2 2.81818181818182
52.1711 1 2.90909090909091
52.2014 2 2.81818181818182
52.2317 4 2.72727272727273
52.2621 7 2.72727272727273
52.2924 1 2.72727272727273
52.3227 3 2.81818181818182
52.353 1 3.18181818181818
52.3833 3 3.18181818181818
52.4136 3 3.09090909090909
52.444 3 2.72727272727273
52.4743 3 2.63636363636364
52.5046 5 2.45454545454545
52.5349 2 2.45454545454545
52.5652 3 2.45454545454545
52.5956 3 2.54545454545455
52.6259 0 2.63636363636364
52.6562 1 2.36363636363636
52.6865 1 2.18181818181818
52.7168 3 2.54545454545455
52.7472 4 2.45454545454545
52.7775 4 2.36363636363636
52.8078 0 2.72727272727273
52.8381 3 3.18181818181818
52.8684 6 3.72727272727273
52.8988 2 3.90909090909091
52.9291 2 4.09090909090909
52.9594 4 3.90909090909091
52.9897 6 3.90909090909091
53.02 7 3.90909090909091
53.0503 5 4
53.0807 6 3.90909090909091
53.111 2 3.72727272727273
53.1413 0 3.45454545454545
53.1716 3 2.90909090909091
53.2019 7 2.54545454545455
53.2323 1 2.54545454545455
53.2626 0 2.18181818181818
53.2929 1 2
53.3232 0 2.36363636363636
53.3535 3 2.09090909090909
53.3839 5 2
53.4142 2 2.18181818181818
53.4445 0 2.36363636363636
53.4748 4 2.45454545454545
53.5051 0 2.72727272727273
53.5354 6 2.72727272727273
53.5658 3 2.63636363636364
53.5961 2 2.54545454545455
53.6264 2 2.63636363636364
53.6567 3 2.54545454545455
53.687 3 3
53.7174 4 2.72727272727273
53.7477 1 2.72727272727273
53.778 1 2.90909090909091
53.8083 3 2.81818181818182
53.8386 5 3.09090909090909
53.869 3 3.09090909090909
53.8993 3 3
53.9296 4 3.27272727272727
53.9599 1 3.63636363636364
53.9902 6 3.81818181818182
54.0206 3 3.45454545454545
54.0509 3 3.63636363636364
54.0812 4 3.63636363636364
54.1115 5 3.45454545454545
54.1418 5 3.45454545454545
54.1721 1 3.18181818181818
54.2025 5 3.18181818181818
54.2328 3 3.45454545454545
54.2631 2 3.27272727272727
54.2934 1 3
54.3237 3 2.72727272727273
54.3541 3 2.81818181818182
54.3844 6 2.90909090909091
54.4147 2 2.90909090909091
54.445 2 3.18181818181818
54.4753 2 3.54545454545455
54.5057 2 3.54545454545455
54.536 6 3.72727272727273
54.5663 3 3.54545454545455
54.5966 5 3.54545454545455
54.6269 5 3.36363636363636
54.6573 3 3.72727272727273
54.6876 5 3.90909090909091
54.7179 4 3.36363636363636
54.7482 2 3.54545454545455
54.7785 0 3.18181818181818
54.8088 6 3
54.8392 4 3
54.8695 0 2.72727272727273
54.8998 5 2.45454545454545
54.9301 1 2.54545454545455
54.9604 3 2.72727272727273
54.9908 3 2.36363636363636
55.0211 2 2.36363636363636
55.0514 1 2.63636363636364
55.0817 3 2.45454545454545
55.112 2 2.81818181818182
55.1424 2 2.81818181818182
55.1727 4 2.81818181818182
55.203 3 3
55.2333 3 3.09090909090909
55.2636 5 3.09090909090909
55.294 3 3.27272727272727
55.3243 3 3.54545454545455
55.3546 4 3.54545454545455
55.3849 2 3.36363636363636
55.4152 3 3.54545454545455
55.4455 4 3.45454545454545
55.4759 5 3.63636363636364
55.5062 4 3.81818181818182
55.5365 1 3.81818181818182
55.5668 5 4.18181818181818
55.5971 4 4
55.6275 5 3.72727272727273
55.6578 5 3.54545454545455
55.6881 4 3.54545454545455
55.7184 6 3.72727272727273
55.7487 1 3.63636363636364
55.7791 1 3.72727272727273
55.8094 3 3.72727272727273
55.8397 4 3.27272727272727
55.87 3 3.09090909090909
55.9003 4 2.81818181818182
55.9307 5 3.27272727272727
55.961 5 3.45454545454545
55.9913 0 3.18181818181818
56.0216 2 3.18181818181818
56.0519 3 3.09090909090909
56.0822 6 2.90909090909091
56.1126 3 2.81818181818182
56.1429 0 2.45454545454545
56.1732 4 2.54545454545455
56.2035 2 2.63636363636364
56.2338 2 2.45454545454545
56.2642 4 2
56.2945 1 2.18181818181818
56.3248 1 2.63636363636364
56.3551 3 2.45454545454545
56.3854 1 2.81818181818182
56.4158 1 3.63636363636364
56.4461 5 3.54545454545455
56.4764 5 3.81818181818182
56.5067 2 4.09090909090909
56.537 6 4
56.5673 11 4.72727272727273
56.5977 3 5.09090909090909
56.628 4 5.36363636363636
56.6583 4 5.09090909090909
56.6886 2 5.36363636363636
56.7189 9 5.18181818181818
56.7493 5 4.54545454545455
56.7796 8 4.81818181818182
56.8099 2 5.36363636363636
56.8402 5 5.36363636363636
56.8705 4 5.81818181818182
56.9009 4 5.81818181818182
56.9312 6 6.27272727272727
56.9615 10 5.90909090909091
56.9918 4 6.36363636363636
57.0221 7 6.27272727272727
57.0525 9 6.27272727272727
57.0828 10 6.36363636363636
57.1131 4 6.54545454545455
57.1434 7 6.18181818181818
57.1737 4 6.18181818181818
57.204 4 5.72727272727273
57.2344 5 5.27272727272727
57.2647 8 4.90909090909091
57.295 6 5.45454545454545
57.3253 4 5
57.3556 2 5.18181818181818
57.386 4 5.36363636363636
57.4163 6 5.18181818181818
57.4466 10 4.72727272727273
57.4769 2 4.81818181818182
57.5072 6 5
57.5376 6 5.36363636363636
57.5679 3 5.54545454545455
57.5982 3 5.45454545454545
57.6285 7 5.18181818181818
57.6588 6 5.45454545454545
57.6892 6 5.27272727272727
57.7195 6 5.18181818181818
57.7498 5 6.27272727272727
57.7801 7 6.72727272727273
57.8104 5 7.18181818181818
57.8407 4 7.36363636363636
57.8711 5 7.18181818181818
57.9014 15 7.72727272727273
57.9317 8 8.81818181818182
57.962 12 9.54545454545455
57.9923 8 10.3636363636364
58.0227 4 11.4545454545455
58.053 12 11.9090909090909
58.0833 17 12.1818181818182
58.1136 15 12.9090909090909
58.1439 14 13.2727272727273
58.1743 16 13.7272727272727
58.2046 10 15.1818181818182
58.2349 18 15
58.2652 16 15.0909090909091
58.2955 16 14.7272727272727
58.3259 13 14.5454545454545
58.3562 20 14.4545454545455
58.3865 10 14.6363636363636
58.4168 18 14.7272727272727
58.4471 11 14.6363636363636
58.4774 12 14.5454545454545
58.5078 15 15.1818181818182
58.5381 12 14.4545454545455
58.5684 19 15
58.5987 15 14.7272727272727
58.629 15 14.7272727272727
58.6594 20 14.5454545454545
58.6897 12 14.3636363636364
58.72 16 15.1818181818182
58.7503 15 15.0909090909091
58.7806 11 14.6363636363636
58.811 10 15
58.8413 13 14.8181818181818
58.8716 21 14.3636363636364
58.9019 18 13.4545454545455
58.9322 10 12.9090909090909
58.9626 19 13.2727272727273
58.9929 18 13.2727272727273
59.0232 7 13
59.0535 6 12.3636363636364
59.0838 9 12.4545454545455
59.1141 15 13.8181818181818
59.1445 10 13.9090909090909
59.1748 10 14.3636363636364
59.2051 14 15.7272727272727
59.2354 19 17.0909090909091
59.2657 25 19.5454545454545
59.2961 20 21
59.3264 23 23
59.3567 22 24.8181818181818
59.387 21 27.0909090909091
59.4173 36 29.4545454545455
59.4477 31 31.6363636363636
59.478 32 33.0909090909091
59.5083 30 35.0909090909091
59.5386 39 38.1818181818182
59.5689 45 41.1818181818182
59.5992 49 44.7272727272727
59.6296 36 48.4545454545455
59.6599 45 51.9090909090909
59.6902 56 57.0909090909091
59.7205 54 60.1818181818182
59.7508 75 63.6363636363636
59.7812 72 65.5454545454545
59.8115 70 69.3636363636364
59.8418 87 72.2727272727273
59.8721 73 74.8181818181818
59.9024 83 78.9090909090909
59.9328 70 78.9090909090909
59.9631 78 79.4545454545455
59.9934 77 81.6363636363636
60.0237 84 84
60.054 99 85.5454545454545
60.0844 75 87.8181818181818
60.1147 78 91.2727272727273
60.145 94 93.4545454545455
60.1753 113 95.0909090909091
60.2056 90 97.5454545454545
60.2359 108 98.9090909090909
60.2663 108 101
60.2966 102 102.909090909091
60.3269 95 104.363636363636
60.3572 111 103.090909090909
60.3875 114 104.454545454545
60.4179 98 103.636363636364
60.4482 99 101.090909090909
60.4785 110 102.090909090909
60.5088 99 101
60.5391 105 99.8181818181818
60.5695 99 96.9090909090909
60.5998 80 95.5454545454545
60.6301 113 95.9090909090909
60.6604 83 93.1818181818182
60.6907 98 90.4545454545455
60.7211 82 86.4545454545455
60.7514 83 84.3636363636364
60.7817 103 83
60.812 80 78.8181818181818
60.8423 69 77
60.8726 61 74.6363636363636
60.903 76 73.8181818181818
60.9333 65 71.3636363636364
60.9636 67 66.8181818181818
60.9939 63 64.9090909090909
61.0242 72 63.0909090909091
61.0546 73 62.8181818181818
61.0849 56 59.9090909090909
61.1152 53 57.6363636363636
61.1455 59 54.3636363636364
61.1758 49 52.6363636363636
61.2062 58 50.3636363636364
61.2365 44 47.2727272727273
61.2668 40 45.5454545454545
61.2971 31 43.9090909090909
61.3274 44 41.6363636363636
61.3578 47 40.3636363636364
61.3881 39 38.4545454545455
61.4184 37 37.6363636363636
61.4487 35 36.4545454545455
61.479 34 36.1818181818182
61.5093 35 34.5454545454545
61.5397 37 31.8181818181818
61.57 35 30.2727272727273
61.6003 27 29
61.6306 28 27.6363636363636
61.6609 26 26.0909090909091
61.6913 17 24.7272727272727
61.7216 22 23.8181818181818
61.7519 23 22.9090909090909
61.7822 20 22.1818181818182
61.8125 17 21.3636363636364
61.8429 20 20.5454545454545
61.8732 27 20.5454545454545
61.9035 25 19.8181818181818
61.9338 19 19.3636363636364
61.9641 19 18.9090909090909
61.9945 17 18.6363636363636
62.0248 17 18.2727272727273
62.0551 14 16.5454545454545
62.0854 18 15.2727272727273
62.1157 15 14.3636363636364
62.146 14 13.8181818181818
62.1764 16 13.7272727272727
62.2067 8 12.8181818181818
62.237 11 11.8181818181818
62.2673 9 10.7272727272727
62.2976 13 10.1818181818182
62.328 16 9.27272727272727
62.3583 7 8.27272727272727
62.3886 3 8
62.4189 6 7.72727272727273
62.4492 9 7.36363636363636
62.4796 4 6.72727272727273
62.5099 5 5.45454545454545
62.5402 5 5.45454545454545
62.5705 8 5.81818181818182
62.6008 5 5.72727272727273
62.6311 6 5.18181818181818
62.6615 2 5.27272727272727
62.6918 7 5
62.7221 7 4.81818181818182
62.7524 5 4.36363636363636
62.7827 3 4.27272727272727
62.8131 5 4.18181818181818
62.8434 2 4.18181818181818
62.8737 3 4.18181818181818
62.904 3 3.90909090909091
62.9343 4 3.54545454545455
62.9647 5 3.81818181818182
62.995 2 3.63636363636364
63.0253 7 3.81818181818182
63.0556 4 3.81818181818182
63.0859 1 3.72727272727273
63.1163 6 3.72727272727273
63.1466 3 3.54545454545455
63.1769 4 3.72727272727273
63.2072 3 3.36363636363636
63.2375 2 3
63.2678 4 3.27272727272727
63.2982 3 3.09090909090909
63.3285 4 2.90909090909091
63.3588 3 3
63.3891 0 2.81818181818182
63.4194 4 3
63.4498 4 2.72727272727273
63.4801 1 3.18181818181818
63.5104 5 2.81818181818182
63.5407 1 2.63636363636364
63.571 4 2.90909090909091
63.6014 1 3
63.6317 8 2.90909090909091
63.662 0 3
63.6923 1 2.72727272727273
63.7226 3 3
63.753 5 2.90909090909091
63.7833 3 2.81818181818182
63.8136 2 2.45454545454545
63.8439 2 2.90909090909091
63.8742 4 3.09090909090909
63.9045 3 3.18181818181818
63.9349 0 3
63.9652 4 3
63.9955 5 3.45454545454545
64.0258 3 3.72727272727273
64.0561 4 3.81818181818182
64.0865 3 3.72727272727273
64.1168 3 4
64.1471 7 3.90909090909091
64.1774 5 4.09090909090909
64.2077 5 4.54545454545455
64.2381 2 4.45454545454545
64.2684 3 4.90909090909091
64.2987 3 6.09090909090909
64.329 7 7.45454545454545
64.3593 8 8.72727272727273
64.3897 3 10.6363636363636
64.42 8 12.2727272727273
64.4503 16 13.7272727272727
64.4806 22 14.0909090909091
64.5109 19 14.0909090909091
64.5412 26 13.7272727272727
64.5716 20 13.9090909090909
64.6019 19 13.5454545454545
64.6322 7 12.2727272727273
64.6625 7 10.4545454545455
64.6928 4 9.18181818181818
64.7232 5 7
64.7535 4 5.54545454545455
64.7838 2 3.90909090909091
64.8141 2 3.54545454545455
64.8444 5 3
64.8748 2 3.27272727272727
64.9051 4 3
64.9354 1 3
64.9657 3 3
64.996 1 2.90909090909091
65.0264 7 2.90909090909091