27.9765 0 4
28.0069 4 4.09090909090909
28.0372 3 4.63636363636364
28.0675 1 4.63636363636364
28.0978 6 4.27272727272727
28.1281 3 4
28.1584 5 4.54545454545455
28.1888 8 4.81818181818182
28.2191 6 5.36363636363636
28.2494 3 5.45454545454545
28.2797 5 5.36363636363636
28.31 6 5.36363636363636
28.3404 7 5
28.3707 9 4.54545454545455
28.401 2 4.45454545454545
28.4313 5 4.27272727272727
28.4616 3 4.36363636363636
28.492 1 3.90909090909091
28.5223 3 3.72727272727273
28.5526 5 3.27272727272727
28.5829 1 3.27272727272727
28.6132 6 3.18181818181818
28.6435 1 3.09090909090909
28.6739 5 3.45454545454545
28.7042 4 3.45454545454545
28.7345 2 3.72727272727273
28.7648 4 4.54545454545455
28.7951 2 4.72727272727273
28.8255 5 5
28.8558 3 5
28.8861 8 5.18181818181818
28.9164 10 5.45454545454545
28.9467 8 5.72727272727273
28.9771 4 5.72727272727273
29.0074 5 5.54545454545455
29.0377 6 6
29.068 5 5.63636363636364
29.0983 7 5
29.1287 2 4.54545454545455
29.159 3 4.45454545454545
29.1893 8 4.45454545454545
29.2196 4 4.36363636363636
29.2499 3 4.27272727272727
29.2802 3 3.72727272727273
29.3106 3 4.27272727272727
29.3409 5 4.27272727272727
29.3712 5 4.09090909090909
29.4015 4 3.72727272727273
29.4318 1 3.90909090909091
29.4622 8 4.18181818181818
29.4925 3 4.63636363636364
29.5228 6 4.81818181818182
29.5531 0 4.81818181818182
29.5834 5 5.18181818181818
29.6138 6 5.90909090909091
29.6441 8 5.90909090909091
29.6744 7 5.90909090909091
29.7047 5 5.63636363636364
29.735 8 5.72727272727273
29.7654 9 5.90909090909091
29.7957 8 5.63636363636364
29.826 3 5.09090909090909
29.8563 3 5
29.8866 1 5.18181818181818
29.9169 7 4.90909090909091
29.9473 3 4.27272727272727
29.9776 2 4
30.0079 6 3.90909090909091
30.0382 7 3.90909090909091
30.0685 5 4.54545454545455
30.0989 2 4.36363636363636
30.1292 5 4.72727272727273
30.1595 2 4.90909090909091
30.1898 3 4.54545454545455
30.2201 8 4.36363636363636
30.2505 5 4.36363636363636
30.2808 7 4.72727272727273
30.3111 4 4.45454545454545
30.3414 2 4.81818181818182
30.3717 5 4.72727272727273
30.4021 5 4.63636363636364
30.4324 6 4.54545454545455
30.4627 2 4.36363636363636
30.493 6 4.09090909090909
30.5233 2 4.63636363636364
30.5536 7 4.36363636363636
30.584 4 4.36363636363636
30.6143 5 4.36363636363636
30.6446 1 4.72727272727273
30.6749 8 4.45454545454545
30.7052 2 4.54545454545455
30.7356 5 4.63636363636364
30.7659 6 5.09090909090909
30.7962 6 4.72727272727273
30.8265 3 4.81818181818182
30.8568 3 4.36363636363636
30.8872 8 4.63636363636364
30.9175 9 4.36363636363636
30.9478 1 4.18181818181818
30.9781 2 4.27272727272727
31.0084 3 4.36363636363636
31.0388 5 4.45454545454545
31.0691 2 4.36363636363636
31.0994 4 4
31.1297 7 4.27272727272727
31.16 4 4.27272727272727
31.1903 4 4.18181818181818
31.2207 7 4.27272727272727
31.251 5 4.72727272727273
31.2813 4 4.63636363636364
31.3116 2 4.45454545454545
31.3419 2 4.09090909090909
31.3723 6 4.09090909090909
31.4026 7 3.81818181818182
31.4329 3 3.63636363636364
31.4632 5 3.81818181818182
31.4935 0 4.27272727272727
31.5239 4 4.63636363636364
31.5542 4 4.54545454545455
31.5845 3 4.45454545454545
31.6148 6 4.45454545454545
31.6451 7 4
31.6754 6 4.27272727272727
31.7058 5 4.27272727272727
31.7361 6 4.18181818181818
31.7664 3 4.36363636363636
31.7967 0 4.54545454545455
31.827 3 4.27272727272727
31.8574 4 3.72727272727273
31.8877 3 3.90909090909091
31.918 5 4.09090909090909
31.9483 8 4.54545454545455
31.9786 4 5.09090909090909
32.009 0 5.18181818181818
32.0393 7 5.27272727272727
32.0696 8 5.27272727272727
32.0999 8 5.09090909090909
32.1302 6 4.72727272727273
32.1606 4 4.36363636363636
32.1909 5 4.63636363636364
32.2212 3 4.18181818181818
32.2515 3 3.72727272727273
32.2818 4 3.36363636363636
32.3121 0 3.09090909090909
32.3425 3 2.90909090909091
32.3728 2 2.90909090909091
32.4031 3 2.72727272727273
32.4334 4 2.81818181818182
32.4637 3 3.27272727272727
32.4941 2 3.45454545454545
32.5244 5 3.63636363636364
32.5547 1 3.72727272727273
32.585 4 3.90909090909091
32.6153 9 3.81818181818182
32.6457 2 4.09090909090909
32.676 5 4.45454545454545
32.7063 3 4.36363636363636
32.7366 5 5
32.7669 3 5.18181818181818
32.7973 6 4.63636363636364
32.8276 6 4.63636363636364
32.8579 4 4.54545454545455
32.8882 8 4.63636363636364
32.9185 6 4.63636363636364
32.9488 3 4.81818181818182
32.9792 2 4.45454545454545
33.0095 4 4.45454545454545
33.0398 4 4.18181818181818
33.0701 5 3.72727272727273
33.1004 5 3.36363636363636
33.1308 2 3.72727272727273
33.1611 6 3.72727272727273
33.1914 1 3.72727272727273
33.2217 3 3.63636363636364
33.252 2 3.63636363636364
33.2824 7 3.72727272727273
33.3127 2 3.72727272727273
33.343 4 3.45454545454545
33.3733 3 3.72727272727273
33.4036 5 4.36363636363636
33.434 6 4.54545454545455
33.4643 2 4.45454545454545
33.4946 3 4.72727272727273
33.5249 4 4.63636363636364
33.5552 10 4.72727272727273
33.5855 4 4.27272727272727
33.6159 6 4
33.6462 5 4.09090909090909
33.6765 3 4.18181818181818
33.7068 4 4.27272727272727
33.7371 0 3.72727272727273
33.7675 3 4.09090909090909
33.7978 3 3.81818181818182
33.8281 4 3.72727272727273
33.8584 5 3.72727272727273
33.8887 4 3.72727272727273
33.9191 8 4
33.9494 3 4.18181818181818
33.9797 4 4
34.01 3 3.90909090909091
34.0403 4 3.72727272727273
34.0707 3 3.72727272727273
34.101 5 3.27272727272727
34.1313 1 3.45454545454545
34.1616 3 3.36363636363636
34.1919 3 3.36363636363636
34.2222 4 3.18181818181818
34.2526 3 3.27272727272727
34.2829 5 3
34.3132 3 3.45454545454545
34.3435 3 3.90909090909091
34.3738 2 4.27272727272727
34.4042 4 4
34.4345 2 4
34.4648 6 3.81818181818182
34.4951 8 3.90909090909091
34.5254 7 4.09090909090909
34.5558 1 4.18181818181818
34.5861 3 4.09090909090909
34.6164 3 4.09090909090909
34.6467 4 3.72727272727273
34.677 5 3.09090909090909
34.7073 3 2.63636363636364
34.7377 3 2.72727272727273
34.768 2 2.90909090909091
34.7983 2 3.18181818181818
34.8286 1 3.18181818181818
34.8589 2 2.81818181818182
34.8893 2 3
34.9196 5 3.36363636363636
34.9499 6 3.45454545454545
34.9802 4 3.63636363636364
35.0105 1 4
35.0409 5 4.09090909090909
35.0712 7 4.27272727272727
35.1015 3 4
35.1318 4 3.90909090909091
35.1621 5 3.72727272727273
35.1925 3 3.81818181818182
35.2228 4 4.27272727272727
35.2531 2 4
35.2834 5 4.09090909090909
35.3137 2 3.90909090909091
35.344 2 3.63636363636364
35.3744 10 3.54545454545455
35.4047 4 3.63636363636364
35.435 4 3.54545454545455
35.4653 2 3.90909090909091
35.4956 2 3.90909090909091
35.526 2 4
35.5563 5 3.36363636363636
35.5866 1 3.27272727272727
35.6169 9 3.27272727272727
35.6472 2 3.45454545454545
35.6776 3 3.81818181818182
35.7079 3 3.81818181818182
35.7382 3 3.81818181818182
35.7685 4 4
35.7988 4 3.54545454545455
35.8292 6 3.63636363636364
35.8595 2 3.72727272727273
35.8898 5 3.90909090909091
35.9201 3 3.90909090909091
35.9504 4 4.18181818181818
35.9807 3 4.18181818181818
36.0111 4 3.81818181818182
36.0414 5 3.90909090909091
36.0717 3 3.72727272727273
36.102 7 3.54545454545455
36.1323 4 3.27272727272727
36.1627 2 3.54545454545455
36.193 3 3.45454545454545
36.2233 3 3.18181818181818
36.2536 1 3.36363636363636
36.2839 1 3.18181818181818
36.3143 6 3.27272727272727
36.3446 3 3.63636363636364
36.3749 2 3.81818181818182
36.4052 5 3.72727272727273
36.4355 5 3.90909090909091
36.4659 5 4
36.4962 6 3.72727272727273
36.5265 5 3.81818181818182
36.5568 2 3.81818181818182
36.5871 3 3.90909090909091
36.6174 2 4.09090909090909
36.6478 3 4.18181818181818
36.6781 4 4.09090909090909
36.7084 2 4
36.7387 6 4.18181818181818
36.769 7 4.27272727272727
36.7994 6 4.36363636363636
36.8297 5 4.63636363636364
36.86 4 4.63636363636364
36.8903 4 5.09090909090909
36.9206 4 4.81818181818182
36.951 3 4.45454545454545
36.9813 6 4.09090909090909
37.0116 4 3.90909090909091
37.0419 7 3.81818181818182
37.0722 3 4.09090909090909
37.1026 3 4
37.1329 2 4.18181818181818
37.1632 3 3.90909090909091
37.1935 3 3.81818181818182
37.2238 7 3.36363636363636
37.2541 3 3.45454545454545
37.2845 5 3.63636363636364
37.3148 3 3.81818181818182
37.3451 3 3.90909090909091
37.3754 2 4
37.4057 4 3.72727272727273
37.4361 5 3.72727272727273
37.4664 4 3.90909090909091
37.4967 4 4.45454545454545
37.527 4 4.54545454545455
37.5573 4 4.90909090909091
37.5877 3 4.81818181818182
37.618 7 4.45454545454545
37.6483 9 4.36363636363636
37.6786 4 4.18181818181818
37.7089 6 4
37.7392 3 4
37.7696 1 4.09090909090909
37.7999 3 3.72727272727273
37.8302 2 3.27272727272727
37.8605 2 2.90909090909091
37.8908 4 3.27272727272727
37.9212 4 3.81818181818182
37.9515 3 4.27272727272727
37.9818 4 4.36363636363636
38.0121 0 4.54545454545455
38.0424 10 4.90909090909091
38.0728 9 4.81818181818182
38.1031 6 4.63636363636364
38.1334 4 4.72727272727273
38.1637 4 4.72727272727273
38.194 6 5.36363636363636
38.2244 3 4.54545454545455
38.2547 2 3.90909090909091
38.285 4 3.90909090909091
38.3153 4 3.81818181818182
38.3456 7 3.81818181818182
38.3759 1 4.18181818181818
38.4063 2 4.63636363636364
38.4366 6 4.81818181818182
38.4669 3 5.27272727272727
38.4972 4 6.09090909090909
38.5275 10 7.90909090909091
38.5579 8 11
38.5882 4 15.5454545454545
38.6185 9 19.5454545454545
38.6488 13 21.3636363636364
38.6791 27 21.9090909090909
38.7095 35 22.1818181818182
38.7398 52 22
38.7701 50 22.0909090909091
38.8004 23 21.5454545454545
38.8307 10 20.5454545454545
38.8611 13 18.1818181818182
38.8914 6 15.2727272727273
38.9217 5 10.9090909090909
38.952 3 6.90909090909091
38.9823 2 5.27272727272727
39.0126 1 5.18181818181818
39.043 3 4.72727272727273
39.0733 4 4.45454545454545
39.1036 6 4.36363636363636
39.1339 5 4.54545454545455
39.1642 9 5
39.1946 8 5.63636363636364
39.2249 3 5.90909090909091
39.2552 4 6.54545454545455
39.2855 5 6.90909090909091
39.3158 7 7.45454545454545
39.3462 8 7.27272727272727
39.3765 6 6.72727272727273
39.4068 11 7
39.4371 10 7.09090909090909
39.4674 11 7.54545454545455
39.4978 7 7.90909090909091
39.5281 2 7.81818181818182
39.5584 6 7.81818181818182
39.5887 5 7.27272727272727
39.619 10 7.27272727272727
39.6493 11 7.09090909090909
39.6797 7 7
39.71 6 7.27272727272727
39.7403 5 7.72727272727273
39.7706 10 7.63636363636364
39.8009 9 7.45454545454545
39.8313 6 6.63636363636364
39.8616 5 6.90909090909091
39.8919 11 6.81818181818182
39.9222 4 7.09090909090909
39.9525 8 7.09090909090909
39.9829 2 6.63636363636364
40.0132 10 6.36363636363636
40.0435 5 6.90909090909091
40.0738 8 7.09090909090909
40.1041 10 7.72727272727273
40.1345 4 7.81818181818182
40.1648 3 8.63636363636364
40.1951 11 9.09090909090909
40.2254 13 9.81818181818182
40.2557 11 9.63636363636364
40.286 9 9.45454545454546
40.3164 11 9.72727272727273
40.3467 15 10
40.377 13 9.90909090909091
40.4073 6 9.63636363636364
40.4376 8 9.18181818181818
40.468 7 9.45454545454546
40.4983 6 9.63636363636364
40.5286 10 8.90909090909091
40.5589 10 8.45454545454546
40.5892 6 9.09090909090909
40.6196 12 9.18181818181818
40.6499 13 9.45454545454546
40.6802 7 9.54545454545455
40.7105 8 9.90909090909091
40.7408 13 9.90909090909091
40.7711 9 10.4545454545455
40.8015 10 10.4545454545455
40.8318 7 10.7272727272727
40.8621 14 11.2727272727273
40.8924 10 11.5454545454545
40.9227 12 11.6363636363636
40.9531 12 12.1818181818182
40.9834 16 12.5454545454545
41.0137 13 13.3636363636364
41.044 11 14
41.0743 14 14.1818181818182
41.1047 15 14.0909090909091
41.135 14 14.5454545454545
41.1653 16 15.8181818181818
41.1956 21 16.0909090909091
41.2259 12 16.7272727272727
41.2563 11 17.0909090909091
41.2866 17 17.5454545454545
41.3169 30 17.8181818181818
41.3472 16 18.6363636363636
41.3775 18 19.0909090909091
41.4078 18 19.4545454545455
41.4382 20 20.9090909090909
41.4685 17 22.7272727272727
41.4988 25 22.9090909090909
41.5291 26 25.2727272727273
41.5594 16 27
41.5898 27 29.3636363636364
41.6201 37 32.4545454545455
41.6504 32 34.5454545454545
41.6807 42 36.2727272727273
41.711 37 37.3636363636364
41.7414 44 41.0909090909091
41.7717 54 44.3636363636364
41.802 40 46.4545454545455
41.8323 44 49.9090909090909
41.8626 38 50.9090909090909
41.893 57 53
41.9233 63 55
41.9536 60 58.7272727272727
41.9839 70 62.1818181818182
42.0142 53 65
42.0445 60 70.4545454545455
42.0749 66 73.4545454545455
42.1052 95 79
42.1355 78 84.7272727272727
42.1658 75 91.0909090909091
42.1961 98 96.7272727272727
42.2265 90 107.636363636364
42.2568 124 116
42.2871 123 122.818181818182
42.3174 140 133.909090909091
42.3477 115 147
42.3781 180 159.909090909091
42.4084 158 177.272727272727
42.4387 170 198.818181818182
42.469 200 222.636363636364
42.4993 219 256.909090909091
42.5297 240 310.636363636364
42.56 281 382.545454545455
42.5903 361 491.545454545455
42.6206 385 649.454545454546
42.6509 517 934
42.6812 706 1669.27272727273
42.7116 971 7020.45454545455
42.7419 1357 90531.6363636364
42.7722 1907 293035.181818182
42.8025 3330 332620.454545455
42.8328 8307 334401.272727273
42.8632 59103 335228.272727273
42.8935 918904 335882.909090909
42.9238 2227900 335999.636363636
42.9541 435823 335946.909090909
42.9844 20106 335736.181818182
43.0148 9803 335066.090909091
43.0451 8172 329782
43.0754 2641 246354
43.1057 1327 43941.3636363636
43.136 1012 4421.54545454546
43.1664 936 2679.54545454545
43.1967 978 1857.45454545455
43.227 1196 1163.81818181818
43.2573 1361 956.636363636364
43.2876 1105 850.727272727273
43.3179 944 772.363636363636
43.3483 760 698.272727272727
43.3786 542 621
43.4089 362 521
43.4392 162 407.909090909091
43.4695 150 314.818181818182
43.4999 121 237.454545454545
43.5302 128 175.545454545455
43.5605 96 132.090909090909
43.5908 117 105.454545454545
43.6211 81 97.0909090909091
43.6515 93 88.3636363636364
43.6818 79 82.6363636363636
43.7121 64 75.3636363636364
43.7424 69 70.9090909090909
43.7727 70 65.2727272727273
43.803 54 61.6363636363636
43.8334 58 57.7272727272727
43.8637 48 54.3636363636364
43.894 47 52.1818181818182
43.9243 55 51.1818181818182
43.9546 41 48.3636363636364
43.985 50 47.3636363636364
44.0153 42 46.2727272727273
44.0456 40 45.0909090909091
44.0759 58 45.3636363636364
44.1062 39 44.2727272727273
44.1366 43 44.1818181818182
44.1669 46 42.0909090909091
44.1972 35 39.8181818181818
44.2275 50 37.8181818181818
44.2578 43 34.2727272727273
44.2882 40 31.9090909090909
44.3185 27 29.0909090909091
44.3488 17 26.5454545454545
44.3791 18 25.0909090909091
44.4094 19 22
44.4397 13 19.5454545454545
44.4701 12 16.9090909090909
44.5004 18 15.6363636363636
44.5307 19 15.7272727272727
44.561 16 15.9090909090909
44.5913 16 15
44.6217 11 15
44.652 13 15.6363636363636
44.6823 18 14.5454545454545
44.7126 20 13.6363636363636
44.7429 9 13.6363636363636
44.7733 13 12.8181818181818
44.8036 19 13.1818181818182
44.8339 6 13
44.8642 9 12.1818181818182
44.8945 16 11.8181818181818
44.9249 7 12.1818181818182
44.9552 15 12.0909090909091
44.9855 11 11.4545454545455
45.0158 9 11.9090909090909
45.0461 16 11.9090909090909
45.0764 13 11.0909090909091
45.1068 12 11.4545454545455
45.1371 12 10.7272727272727
45.1674 11 10.5454545454545
45.1977 9 10.5454545454545
45.228 7 10.0909090909091
45.2584 11 10.1818181818182
45.2887 7 10.1818181818182
45.319 9 9.63636363636364
45.3493 9 9.36363636363636
45.3796 11 9
45.41 14 9.18181818181818
45.4403 12 9.54545454545455
45.4706 6 10.1818181818182
45.5009 8 10
45.5312 5 9.72727272727273
45.5616 9 9
45.5919 15 8.36363636363636
45.6222 14 7.90909090909091
45.6525 7 8
45.6828 6 7.63636363636364
45.7131 3 7.54545454545455
45.7435 7 7.36363636363636
45.7738 7 6.63636363636364
45.8041 7 5.54545454545455
45.8344 4 5.45454545454545
45.8647 4 5.45454545454545
45.8951 7 5.54545454545455
45.9254 7 5.63636363636364
45.9557 2 5.54545454545455
45.986 6 5.27272727272727
46.0163 6 5.45454545454545
46.0467 4 5.36363636363636
46.077 8 5
46.1073 6 4.72727272727273
46.1376 4 4.90909090909091
46.1679 6 4.81818181818182
46.1983 3 5
46.2286 3 4.72727272727273
46.2589 4 4.45454545454545
46.2892 4 4.72727272727273
46.3195 5 4.81818181818182
46.3498 8 4.90909090909091
46.3802 1 5.27272727272727
46.4105 5 5.27272727272727
46.4408 9 5.18181818181818
46.4711 5 5.36363636363636
46.5014 7 5.36363636363636
46.5318 7 5
46.5621 3 5.36363636363636
46.5924 3 5.36363636363636
46.6227 6 4.63636363636364
46.653 5 4.45454545454545
46.6834 4 4
46.7137 5 4.36363636363636
46.744 5 4.36363636363636
46.7743 1 4.54545454545455
46.8046 3 4.36363636363636
46.8349 2 4.45454545454545
46.8653 11 4.36363636363636
46.8956 3 4.09090909090909
46.9259 5 4.18181818181818
46.9562 4 4.45454545454545
46.9865 6 4.63636363636364
47.0169 3 4.45454545454545
47.0472 2 3.54545454545455
47.0775 6 3.63636363636364
47.1078 4 3.36363636363636
47.1381 5 3.27272727272727
47.1685 0 2.90909090909091
47.1988 1 3
47.2291 4 3.18181818181818
47.2594 2 2.81818181818182
47.2897 3 2.81818181818182
47.3201 2 2.81818181818182
47.3504 4 3.09090909090909
47.3807 4 3.18181818181818
47.411 2 3
47.4413 4 3.45454545454545
47.4716 5 3.54545454545455
47.502 3 3.72727272727273
47.5323 2 3.63636363636364
47.5626 2 3.45454545454545
47.5929 7 3.54545454545455
47.6232 4 3.54545454545455
47.6536 4 3.27272727272727
47.6839 3 3.27272727272727
47.7142 2 3.27272727272727
47.7445 3 3.63636363636364
47.7748 4 3.18181818181818
47.8052 2 3.27272727272727
47.8355 3 2.90909090909091
47.8658 2 2.90909090909091
47.8961 6 3
47.9264 2 3.18181818181818
47.9568 5 3
47.9871 0 3.18181818181818
48.0174 3 3
48.0477 3 3
48.078 5 2.72727272727273
48.1083 2 2.72727272727273
48.1387 4 2.45454545454545
48.169 1 2.63636363636364
48.1993 2 2.72727272727273
48.2296 3 2.81818181818182
48.2599 2 2.72727272727273
48.2903 2 2.72727272727273
48.3206 2 2.81818181818182
48.3509 4 3
48.3812 4 3.18181818181818
48.4115 4 3.27272727272727
48.4419 2 3.36363636363636
48.4722 5 3.45454545454545
48.5025 3 3.45454545454545
48.5328 4 3.63636363636364
48.5631 4 3.63636363636364
48.5935 3 3.63636363636364
48.6238 3 3.81818181818182
48.6541 2 3.54545454545455
48.6844 6 3.54545454545455
48.7147 4 3.54545454545455
48.745 4 3.81818181818182
48.7754 4 3.90909090909091
48.8057 2 3.90909090909091
48.836 3 4.09090909090909
48.8663 4 3.81818181818182
48.8966 7 3.63636363636364
48.927 4 3.45454545454545
48.9573 3 3.36363636363636
48.9876 4 3.54545454545455
49.0179 3 3.27272727272727
49.0482 2 3.27272727272727
49.0786 2 2.63636363636364
49.1089 3 2.72727272727273
49.1392 4 2.54545454545455
49.1695 0 2.81818181818182
49.1998 4 2.90909090909091
49.2302 0 2.90909090909091
49.2605 5 3
49.2908 1 3
49.3211 7 3.18181818181818
49.3514 4 3.54545454545455
49.3817 2 3.54545454545455
49.4121 3 4.09090909090909
49.4424 3 3.81818181818182
49.4727 6 4.27272727272727
49.503 4 3.72727272727273
49.5333 4 3.45454545454545
49.5637 6 3.36363636363636
49.594 2 3.72727272727273
49.6243 6 3.72727272727273
49.6546 1 3.45454545454545
49.6849 1 3.36363636363636
49.7153 1 3.18181818181818
49.7456 7 2.90909090909091
49.7759 3 2.81818181818182
49.8062 3 2.63636363636364
49.8365 3 2.81818181818182
49.8668 2 3.54545454545455
49.8972 3 3.54545454545455
49.9275 1 3.09090909090909
49.9578 4 3.18181818181818
49.9881 3 3
50.0184 9 3
50.0488 1 3
50.0791 2 2.72727272727273
50.1094 4 3
50.1397 1 2.81818181818182
50.17 3 2.81818181818182
50.2004 2 2.09090909090909
50.2307 0 2.45454545454545
50.261 4 2.36363636363636
50.2913 2 2.27272727272727
50.3216 3 2.18181818181818
50.352 1 2.27272727272727
50.3823 5 2.27272727272727
50.4126 1 2.81818181818182
50.4429 3 2.63636363636364
50.4732 0 2.63636363636364
50.5035 4 2.36363636363636
50.5339 2 2.63636363636364
50.5642 6 2.27272727272727
50.5945 2 2.36363636363636
50.6248 2 2.18181818181818
50.6551 0 2.18181818181818
50.6855 4 1.90909090909091
50.7158 1 2.09090909090909
50.7461 2 1.63636363636364
50.7764 1 1.54545454545455
50.8067 0 1.63636363636364
50.8371 1 1.72727272727273
50.8674 4 1.90909090909091
50.8977 1 2
50.928 1 2.09090909090909
50.9583 3 2.09090909090909
50.9887 1 2.54545454545455
51.019 6 2.81818181818182
51.0493 2 2.81818181818182
51.0796 3 3.45454545454545
51.1099 1 3.81818181818182
51.1402 5 3.81818181818182
51.1706 4 3.81818181818182
51.2009 4 3.63636363636364
51.2312 8 4
51.2615 5 3.90909090909091
51.2918 3 4.09090909090909
51.3222 1 4.09090909090909
51.3525 4 4
51.3828 6 3.63636363636364
51.4131 2 3.09090909090909
51.4434 3 2.72727272727273
51.4738 5 2.63636363636364
51.5041 3 2.72727272727273
51.5344 0 2.72727272727273
51.5647 2 2.36363636363636
51.595 1 2.63636363636364
51.6254 2 2.63636363636364
51.6557 2 2.63636363636364
51.686 4 2.36363636363636
51.7163 2 2.63636363636364
51.7466 5 2.90909090909091
51.7769 3 2.90909090909091
51.8073 5 2.90909090909091
51.8376 0 3.18181818181818
51.8679 3 3.09090909090909
51.8982 5 3.09090909090909
51.9285 1 2.72727272727273
51.9589 2 2.45454545454545
51.9892 5 2.18181818181818
52.0195 3 2.18181818181818
52.0498 2 2.54545454545455
52.0801 1 2.27272727272727
52.1105 0 2.36363636363636
52.1408 2 2.36363636363636
52.1711 0 2.36363636363636
52.2014 7 2.18181818181818
52.2317 2 2.63636363636364
52.2621 2 2.81818181818182
52.2924 2 3
52.3227 5 3.09090909090909
52.353 1 3.18181818181818
52.3833 7 2.72727272727273
52.4136 3 2.63636363636364
52.444 2 2.63636363636364
52.4743 3 2.72727272727273
52.5046 1 2.63636363636364
52.5349 2 2.72727272727273
52.5652 1 2.27272727272727
52.5956 2 2
52.6259 3 2
52.6562 4 1.81818181818182
52.6865 2 1.90909090909091
52.7168 2 2
52.7472 0 2.18181818181818
52.7775 2 2.09090909090909
52.8078 1 2
52.8381 2 1.90909090909091
52.8684 3 1.81818181818182
52.8988 3 1.72727272727273
52.9291 1 1.90909090909091
52.9594 2 1.90909090909091
52.9897 3 2.18181818181818
53.02 1 2.18181818181818
53.0503 1 2
53.0807 2 1.72727272727273
53.111 2 1.72727272727273
53.1413 4 1.72727272727273
53.1716 2 1.63636363636364
53.2019 1 1.81818181818182
53.2323 0 1.81818181818182
53.2626 1 2.18181818181818
53.2929 2 2.54545454545455
53.3232 2 2.54545454545455
53.3535 3 2.72727272727273
53.3839 1 2.72727272727273
53.4142 6 2.81818181818182
53.4445 6 2.90909090909091
53.4748 4 3.09090909090909
53.5051 4 3.18181818181818
53.5354 1 3.27272727272727
53.5658 1 3.36363636363636
53.5961 2 2.90909090909091
53.6264 4 2.90909090909091
53.6567 3 3.09090909090909
53.687 4 2.81818181818182
53.7174 2 3.18181818181818
53.7477 1 3.36363636363636
53.778 6 3.36363636363636
53.8083 6 3.18181818181818
53.8386 1 3.09090909090909
53.869 5 3
53.8993 3 3.09090909090909
53.9296 2 3.54545454545455
53.9599 2 3.36363636363636
53.9902 2 2.90909090909091
54.0206 3 2.90909090909091
54.0509 3 2.63636363636364
54.0812 6 2.45454545454545
54.1115 4 2.54545454545455
54.1418 1 2.81818181818182
54.1721 1 3.09090909090909
54.2025 2 3
54.2328 1 2.90909090909091
54.2631 3 3.09090909090909
54.2934 5 3
54.3237 5 3.27272727272727
54.3541 2 3.45454545454545
54.3844 2 3.45454545454545
54.4147 8 3.72727272727273
54.445 3 3.54545454545455
54.4753 4 3.18181818181818
54.5057 3 2.72727272727273
54.536 2 2.63636363636364
54.5663 4 3.27272727272727
54.5966 1 3.18181818181818
54.6269 1 2.90909090909091
54.6573 0 2.72727272727273
54.6876 1 2.54545454545455
54.7179 9 2.81818181818182
54.7482 7 2.63636363636364
54.7785 0 3.09090909090909
54.8088 2 3.27272727272727
54.8392 1 3.54545454545455
54.8695 5 3.81818181818182
54.8998 2 3.27272727272727
54.9301 6 2.72727272727273
54.9604 3 2.81818181818182
54.9908 3 3
55.0211 4 3.09090909090909
55.0514 3 3
55.0817 1 2.90909090909091
55.112 1 2.54545454545455
55.1424 4 2.63636363636364
55.1727 2 2.90909090909091
55.203 4 2.90909090909091
55.2333 1 2.72727272727273
55.2636 2 2.72727272727273
55.294 4 2.81818181818182
55.3243 6 2.45454545454545
55.3546 4 2.81818181818182
55.3849 1 2.45454545454545
55.4152 1 2.54545454545455
55.4455 2 2.54545454545455
55.4759 0 2.18181818181818
55.5062 6 1.63636363636364
55.5365 0 1.45454545454545
55.5668 2 1.72727272727273
55.5971 2 1.90909090909091
55.6275 0 1.81818181818182
55.6578 0 2.09090909090909
55.6881 2 1.72727272727273
55.7184 4 2.09090909090909
55.7487 3 2.09090909090909
55.7791 1 2.27272727272727
55.8094 3 2.45454545454545
55.8397 2 2.72727272727273
55.87 4 2.63636363636364
55.9003 2 2.63636363636364
55.9307 4 2.45454545454545
55.961 2 2.81818181818182
55.9913 3 2.81818181818182
56.0216 1 3.18181818181818
56.0519 4 3.27272727272727
56.0822 1 3.36363636363636
56.1126 5 3.09090909090909
56.1429 3 3.09090909090909
56.1732 6 3
56.2035 5 3.18181818181818
56.2338 3 3
56.2642 1 3.36363636363636
56.2945 2 3
56.3248 2 2.90909090909091
56.3551 3 2.54545454545455
56.3854 2 2.54545454545455
56.4158 5 2.81818181818182
56.4461 1 2.81818181818182
56.4764 2 3.45454545454545
56.5067 2 3.45454545454545
56.537 5 3.27272727272727
56.5673 6 3.72727272727273
56.5977 1 3.45454545454545
56.628 9 3.90909090909091
56.6583 2 4
56.6886 1 3.90909090909091
56.7189 7 3.45454545454545
56.7493 2 3.27272727272727
56.7796 6 3.54545454545455
56.8099 3 3.09090909090909
56.8402 1 3.54545454545455
56.8705 0 3.54545454545455
56.9009 4 3.18181818181818
56.9312 4 3.54545454545455
56.9615 4 3.27272727272727
56.9918 7 3.18181818181818
57.0221 1 3.81818181818182
57.0525 3 4.72727272727273
57.0828 6 4.81818181818182
57.1131 3 4.63636363636364
57.1434 2 4.90909090909091
57.1737 8 4.63636363636364
57.204 10 4.72727272727273
57.2344 5 5
57.2647 2 4.45454545454545
57.295 7 4.90909090909091
57.3253 4 5
57.3556 2 4.72727272727273
57.386 6 4.45454545454545
57.4163 0 4.54545454545455
57.4466 8 4.81818181818182
57.4769 3 4.54545454545455
57.5072 5 4.45454545454545
57.5376 7 4.90909090909091
57.5679 6 5
57.5982 5 5.54545454545455
57.6285 4 5.45454545454545
57.6588 3 5.72727272727273
57.6892 7 5.54545454545455
57.7195 7 5.54545454545455
57.7498 6 6
57.7801 7 6.45454545454545
57.8104 6 6.63636363636364
57.8407 3 6.81818181818182
57.8711 7 7
57.9014 11 6.90909090909091
57.9317 10 6.81818181818182
57.962 6 6.90909090909091
57.9923 5 6.90909090909091
58.0227 9 7.27272727272727
58.053 6 7.54545454545455
58.0833 5 7.27272727272727
58.1136 8 7.09090909090909
58.1439 6 7.72727272727273
58.1743 7 8.09090909090909
58.2046 10 8
58.2349 8 8.18181818181818
58.2652 8 8.72727272727273
58.2955 13 8.63636363636364
58.3259 9 8.90909090909091
58.3562 8 9.36363636363636
58.3865 8 9.36363636363636
58.4168 11 9.63636363636364
58.4471 7 9.54545454545455
58.4774 9 9.63636363636364
58.5078 12 10
58.5381 10 10.0909090909091
58.5684 11 10.3636363636364
58.5987 7 10.0909090909091
58.629 14 9.90909090909091
58.6594 13 10.0909090909091
58.6897 9 9.90909090909091
58.72 11 9.54545454545455
58.7503 8 9.81818181818182
58.7806 5 10.1818181818182
58.811 11 9.45454545454546
58.8413 10 9
58.8716 6 9.18181818181818
58.9019 14 8.90909090909091
58.9322 11 8.54545454545455
58.9626 6 9
58.9929 8 9
59.0232 11 9.45454545454546
59.0535 8 9.72727272727273
59.0838 4 9.27272727272727
59.1141 10 8.81818181818182
59.1445 11 9.63636363636364
59.1748 15 9.54545454545455
59.2051 9 9.72727272727273
59.2354 9 10.1818181818182
59.2657 6 10.8181818181818
59.2961 15 11.0909090909091
59.3264 7 11.0909090909091
59.3567 13 10.6363636363636
59.387 13 10.5454545454545
59.4173 11 10
59.4477 13 10.3636363636364
59.478 11 10.6363636363636
59.5083 10 11.0909090909091
59.5386 8 11
59.5689 3 10.7272727272727
59.5992 10 11
59.6296 18 10.5454545454545
59.6599 12 10.5454545454545
59.6902 12 10.7272727272727
59.7205 10 10.9090909090909
59.7508 14 12.3636363636364
59.7812 8 12
59.8115 11 10.8181818181818
59.8418 12 10.9090909090909
59.8721 10 10.6363636363636
59.9024 19 10.5454545454545
59.9328 6 10.2727272727273
59.9631 5 10.5454545454545
59.9934 13 10.3636363636364
60.0237 9 9.90909090909091
60.054 9 9.54545454545455
60.0844 11 8.45454545454546
60.1147 11 8.45454545454546
60.145 9 8.63636363636364
60.1753 7 7.90909090909091
60.2056 6 7.54545454545455
60.2359 7 7.45454545454545
60.2663 6 7.18181818181818
60.2966 7 6.54545454545455
60.3269 5 6.45454545454545
60.3572 5 6
60.3875 8 6
60.4179 8 5.72727272727273
60.4482 4 6
60.4785 8 6.18181818181818
60.5088 2 6.45454545454545
60.5391 6 6.81818181818182
60.5695 4 6.54545454545455
60.5998 9 6.27272727272727
60.6301 9 6.36363636363636
60.6604 8 6.09090909090909
60.6907 9 6.81818181818182
60.7211 5 6.72727272727273
60.7514 5 7
60.7817 5 6.54545454545455
60.812 5 6.18181818181818
60.8423 10 5.90909090909091
60.8726 5 5.63636363636364
60.903 7 5.81818181818182
60.9333 4 6.18181818181818
60.9636 5 6.09090909090909
60.9939 5 6.36363636363636
61.0242 6 5.81818181818182
61.0546 7 5.90909090909091
61.0849 9 5.72727272727273
61.1152 4 6.09090909090909
61.1455 8 6
61.1758 4 6
61.2062 6 5.72727272727273
61.2365 5 5.54545454545455
61.2668 8 5.18181818181818
61.2971 4 5.45454545454545
61.3274 5 5.45454545454545
61.3578 3 5.90909090909091
61.3881 5 6
61.4184 5 5.81818181818182
61.4487 7 5.27272727272727
61.479 8 4.90909090909091
61.5093 9 4.63636363636364
61.5397 7 4.81818181818182
61.57 3 4.81818181818182
61.6003 2 4.72727272727273
61.6306 0 4.54545454545455
61.6609 2 4.09090909090909
61.6913 5 3.81818181818182
61.7216 5 3.27272727272727
61.7519 4 3.27272727272727
61.7822 5 3.18181818181818
61.8125 3 3.36363636363636
61.8429 6 3.63636363636364
61.8732 1 3.27272727272727
61.9035 3 3.18181818181818
61.9338 1 3.45454545454545
61.9641 2 3.09090909090909
61.9945 5 3.18181818181818
62.0248 1 2.90909090909091
62.0551 4 2.81818181818182
62.0854 7 3
62.1157 1 3.18181818181818
62.146 4 3.09090909090909
62.1764 3 3
62.2067 0 3.27272727272727
62.237 5 3.27272727272727
62.2673 3 2.72727272727273
62.2976 1 3.18181818181818
62.328 4 3.18181818181818
62.3583 4 3.27272727272727
62.3886 4 3.54545454545455
62.4189 1 3.45454545454545
62.4492 6 3.36363636363636
62.4796 4 3.54545454545455
62.5099 4 3.54545454545455
62.5402 3 3.45454545454545
62.5705 4 3.18181818181818
62.6008 2 3.27272727272727
62.6311 3 2.72727272727273
62.6615 4 2.36363636363636
62.6918 3 2.54545454545455
62.7221 1 2.54545454545455
62.7524 2 2.54545454545455
62.7827 0 2.63636363636364
62.8131 0 2.45454545454545
62.8434 6 2.27272727272727
62.8737 3 2.09090909090909
62.904 4 2.36363636363636
62.9343 3 2.90909090909091
62.9647 1 3.27272727272727
62.995 2 3.54545454545455
63.0253 1 3.18181818181818
63.0556 4 3.36363636363636
63.0859 8 3.27272727272727
63.1163 4 3.27272727272727
63.1466 3 3.18181818181818
63.1769 2 3.09090909090909
63.2072 5 3.36363636363636
63.2375 3 3.18181818181818
63.2678 3 2.81818181818182
63.2982 0 2.63636363636364
63.3285 1 2.72727272727273
63.3588 4 2.81818181818182
63.3891 2 2.54545454545455
63.4194 4 2.36363636363636
63.4498 2 2.09090909090909
63.4801 4 2.36363636363636
63.5104 3 2.54545454545455
63.5407 2 2.36363636363636
63.571 1 2.36363636363636
63.6014 0 2.09090909090909
63.6317 3 2
63.662 3 1.63636363636364
63.6923 2 1.90909090909091
63.7226 2 2
63.753 1 2.09090909090909
63.7833 1 2.36363636363636
63.8136 0 2.18181818181818
63.8439 6 2
63.8742 3 2.09090909090909
63.9045 2 2.18181818181818
63.9349 3 2.27272727272727
63.9652 1 2.54545454545455
63.9955 1 3
64.0258 3 2.81818181818182
64.0561 3 2.54545454545455
64.0865 2 2.63636363636364
64.1168 4 2.72727272727273
64.1471 5 2.90909090909091
64.1774 4 3.09090909090909
64.2077 0 2.90909090909091
64.2381 3 3.09090909090909
64.2684 4 3.72727272727273
64.2987 3 4.72727272727273
64.329 3 6.09090909090909
64.3593 1 7.45454545454545
64.3897 5 9.18181818181818
64.42 9 10.1818181818182
64.4503 15 10.8181818181818
64.4806 20 10.8181818181818
64.5109 19 11
64.5412 19 11.8181818181818
64.5716 14 11.5454545454545
64.6019 11 11.0909090909091
64.6322 3 10.1818181818182
64.6625 5 8.54545454545455
64.6928 10 7.36363636363636
64.7232 2 5.72727272727273
64.7535 4 4.81818181818182
64.7838 5 4
64.8141 2 4
64.8444 6 3.90909090909091
64.8748 1 3.09090909090909
64.9051 4 3.09090909090909
64.9354 2 2.81818181818182
64.9657 3 2.36363636363636
64.996 4 2.45454545454545
65.0264 1 2