27.9765 11 11.5454545454545
28.0069 18 11.1818181818182
28.0372 8 11.5454545454545
28.0675 12 11.8181818181818
28.0978 7 12.1818181818182
28.1281 17 12.2727272727273
28.1584 9 12.7272727272727
28.1888 14 12
28.2191 10 12.5454545454545
28.2494 16 12.8181818181818
28.2797 13 13.8181818181818
28.31 16 13.2727272727273
28.3404 10 14
28.3707 14 14.3636363636364
28.401 15 15
28.4313 18 14.3636363636364
28.4616 11 14.4545454545455
28.492 17 13.9090909090909
28.5223 18 14.0909090909091
28.5526 17 14.3636363636364
28.5829 9 14.1818181818182
28.6132 14 13.6363636363636
28.6435 10 13.6363636363636
28.6739 12 14
28.7042 17 13.5454545454545
28.7345 13 13.5454545454545
28.7648 12 14.3636363636364
28.7951 11 15.0909090909091
28.8255 21 15.6363636363636
28.8558 13 17.4545454545455
28.8861 17 18.2727272727273
28.9164 18 19.4545454545455
28.9467 22 22
28.9771 16 24.9090909090909
29.0074 32 26.7272727272727
29.0377 26 31.1818181818182
29.068 26 36.3636363636364
29.0983 40 43.7272727272727
29.1287 43 52
29.159 41 68.9090909090909
29.1893 62 98.7272727272727
29.2196 74 150.181818181818
29.2499 99 212.363636363636
29.2802 113 290.090909090909
29.3106 202 361
29.3409 360 420.636363636364
29.3712 592 457.545454545455
29.4015 710 478.545454545455
29.4318 895 487.545454545455
29.4622 823 488.909090909091
29.4925 697 478.818181818182
29.5228 468 451.818181818182
29.5531 305 403.363636363636
29.5834 198 341.818181818182
29.6138 128 263.636363636364
29.6441 91 190.818181818182
29.6744 63 129.090909090909
29.7047 59 87.9090909090909
29.735 33 61.3636363636364
29.7654 35 44.5454545454545
29.7957 22 34.6363636363636
29.826 18 27.6363636363636
29.8563 15 23.5454545454545
29.8866 13 19.0909090909091
29.9169 13 17.2727272727273
29.9473 19 15.3636363636364
29.9776 14 14.1818181818182
30.0079 18 13.4545454545455
30.0382 10 13.3636363636364
30.0685 13 12.9090909090909
30.0989 14 12.9090909090909
30.1292 9 12.1818181818182
30.1595 10 11.6363636363636
30.1898 14 10.9090909090909
30.2201 8 11.5454545454545
30.2505 13 10.9090909090909
30.2808 11 10.1818181818182
30.3111 8 10
30.3414 10 9.54545454545455
30.3717 17 9.09090909090909
30.4021 6 9.18181818181818
30.4324 6 9.18181818181818
30.4627 7 8.72727272727273
30.493 5 9.27272727272727
30.5233 9 9.09090909090909
30.5536 9 8.18181818181818
30.584 13 8.45454545454546
30.6143 6 8.36363636363636
30.6446 14 8.81818181818182
30.6749 8 8.81818181818182
30.7052 7 8.81818181818182
30.7356 9 8.36363636363636
30.7659 5 7.81818181818182
30.7962 12 7.63636363636364
30.8265 5 7.18181818181818
30.8568 9 7.27272727272727
30.8872 4 6.90909090909091
30.9175 7 6.81818181818182
30.9478 4 6.90909090909091
30.9781 9 6.54545454545455
31.0084 9 6.90909090909091
31.0388 3 6.54545454545455
31.0691 8 7
31.0994 6 6.90909090909091
31.1297 8 7
31.16 9 6.54545454545455
31.1903 5 6.63636363636364
31.2207 9 6.90909090909091
31.251 6 6.54545454545455
31.2813 5 6.90909090909091
31.3116 4 7.27272727272727
31.3419 10 7.09090909090909
31.3723 6 7.90909090909091
31.4026 4 7.90909090909091
31.4329 10 7.90909090909091
31.4632 12 8.36363636363636
31.4935 7 8.72727272727273
31.5239 14 9.09090909090909
31.5542 9 9
31.5845 6 9.63636363636364
31.6148 10 9.27272727272727
31.6451 8 8.63636363636364
31.6754 14 8.63636363636364
31.7058 5 8.36363636363636
31.7361 11 8.27272727272727
31.7664 6 8.27272727272727
31.7967 5 8
31.827 7 8.27272727272727
31.8574 11 8.27272727272727
31.8877 8 8.63636363636364
31.918 6 8.09090909090909
31.9483 7 8.36363636363636
31.9786 11 8.81818181818182
32.009 14 8.54545454545455
32.0393 9 8.09090909090909
32.0696 5 8.36363636363636
32.0999 9 8.63636363636364
32.1302 10 8.36363636363636
32.1606 4 8.27272727272727
32.1909 6 7.36363636363636
32.2212 11 7.36363636363636
32.2515 9 7.45454545454545
32.2818 4 7.45454545454545
32.3121 10 7.18181818181818
32.3425 4 6.90909090909091
32.3728 9 6.81818181818182
32.4031 6 6.27272727272727
32.4334 9 6.18181818181818
32.4637 7 7
32.4941 1 6.81818181818182
32.5244 5 7.18181818181818
32.5547 5 6.63636363636364
32.585 8 6.54545454545455
32.6153 13 6.72727272727273
32.6457 8 7
32.676 8 7.27272727272727
32.7063 3 7.63636363636364
32.7366 5 8.09090909090909
32.7669 11 8
32.7973 10 7.45454545454545
32.8276 4 7.63636363636364
32.8579 9 7.54545454545455
32.8882 10 8.18181818181818
32.9185 7 8.54545454545455
32.9488 7 8
32.9792 10 7.54545454545455
33.0095 7 7.81818181818182
33.0398 10 7.72727272727273
33.0701 9 7.27272727272727
33.1004 5 7.09090909090909
33.1308 5 7.72727272727273
33.1611 7 7.27272727272727
33.1914 8 7.27272727272727
33.2217 5 7
33.252 5 7.27272727272727
33.2824 14 7.90909090909091
33.3127 5 8.18181818181818
33.343 7 7.90909090909091
33.3733 7 7.81818181818182
33.4036 12 7.81818181818182
33.434 12 8.18181818181818
33.4643 8 7.27272727272727
33.4946 4 7.72727272727273
33.5249 7 8.54545454545455
33.5552 5 8.18181818181818
33.5855 9 8
33.6159 4 7.90909090909091
33.6462 10 8
33.6765 16 8
33.7068 3 7.90909090909091
33.7371 10 8.09090909090909
33.7675 11 7.63636363636364
33.7978 9 7.81818181818182
33.8281 4 7.27272727272727
33.8584 6 6.27272727272727
33.8887 7 6.72727272727273
33.9191 4 6.45454545454545
33.9494 6 6.27272727272727
33.9797 4 6.63636363636364
34.01 5 7.27272727272727
34.0403 8 8
34.0707 7 8.63636363636364
34.101 9 10.3636363636364
34.1313 13 11.5454545454545
34.1616 11 13.7272727272727
34.1919 14 15.3636363636364
34.2222 14 16.1818181818182
34.2526 23 16.9090909090909
34.2829 19 17.3636363636364
34.3132 28 17.2727272727273
34.3435 23 17.7272727272727
34.3738 17 17.0909090909091
34.4042 15 16.7272727272727
34.4345 14 15.2727272727273
34.4648 12 14
34.4951 16 12.0909090909091
34.5254 7 10.3636363636364
34.5558 10 9.63636363636364
34.5861 7 8.72727272727273
34.6164 5 8.54545454545455
34.6467 7 8.36363636363636
34.677 4 7.36363636363636
34.7073 9 7.36363636363636
34.7377 5 7.36363636363636
34.768 12 7.72727272727273
34.7983 10 8.09090909090909
34.8286 5 8.54545454545455
34.8589 7 8.81818181818182
34.8893 10 8.54545454545455
34.9196 11 8.45454545454546
34.9499 9 7.90909090909091
34.9802 12 7.81818181818182
35.0105 7 8.09090909090909
35.0409 6 8.36363636363636
35.0712 4 8
35.1015 6 7.45454545454545
35.1318 9 7.54545454545455
35.1621 8 7
35.1925 10 7.09090909090909
35.2228 6 6.81818181818182
35.2531 5 7.18181818181818
35.2834 10 7.72727272727273
35.3137 6 7.72727272727273
35.344 8 7.36363636363636
35.3744 3 7.18181818181818
35.4047 8 7.36363636363636
35.435 12 7.54545454545455
35.4653 9 7.45454545454545
35.4956 4 7.90909090909091
35.526 8 7.63636363636364
35.5563 8 8
35.5866 7 7.81818181818182
35.6169 9 7.45454545454545
35.6472 11 7.09090909090909
35.6776 5 7.09090909090909
35.7079 7 6.63636363636364
35.7382 6 6.27272727272727
35.7685 8 5.90909090909091
35.7988 5 5.54545454545455
35.8292 4 5.36363636363636
35.8595 3 5.63636363636364
35.8898 4 5.36363636363636
35.9201 3 5.63636363636364
35.9504 5 6.09090909090909
35.9807 9 6.09090909090909
36.0111 8 6.63636363636364
36.0414 4 6.81818181818182
36.0717 9 7.36363636363636
36.102 13 7.63636363636364
36.1323 5 7.81818181818182
36.1627 10 7.63636363636364
36.193 5 7.63636363636364
36.2233 10 7.63636363636364
36.2536 6 7.72727272727273
36.2839 7 7.18181818181818
36.3143 7 7.09090909090909
36.3446 8 6.54545454545455
36.3749 4 6.90909090909091
36.4052 10 6.54545454545455
36.4355 7 7.27272727272727
36.4659 4 7.45454545454545
36.4962 4 7.54545454545455
36.5265 9 7.72727272727273
36.5568 6 7.90909090909091
36.5871 14 8
36.6174 9 8
36.6478 8 8.09090909090909
36.6781 10 8.45454545454546
36.7084 6 8.09090909090909
36.7387 11 8
36.769 7 7.18181818181818
36.7994 5 7
36.8297 8 6.81818181818182
36.86 5 6.36363636363636
36.8903 5 6.45454545454545
36.9206 5 6.36363636363636
36.951 7 6.63636363636364
36.9813 6 7.36363636363636
37.0116 5 6.81818181818182
37.0419 7 7
37.0722 10 7.27272727272727
37.1026 10 7.09090909090909
37.1329 13 7.09090909090909
37.1632 2 6.63636363636364
37.1935 7 7.27272727272727
37.2238 8 7
37.2541 3 6.36363636363636
37.2845 7 6.09090909090909
37.3148 1 5
37.3451 12 5.45454545454545
37.3754 4 5.54545454545455
37.4057 3 5.81818181818182
37.4361 7 6.18181818181818
37.4664 1 6.27272727272727
37.4967 7 6.90909090909091
37.527 8 6.36363636363636
37.5573 11 6.27272727272727
37.5877 7 6.18181818181818
37.618 8 6.36363636363636
37.6483 8 6.81818181818182
37.6786 6 6.90909090909091
37.7089 3 6.72727272727273
37.7392 2 6.72727272727273
37.7696 9 6.72727272727273
37.7999 6 6.27272727272727
37.8302 8 6.45454545454545
37.8605 6 6.72727272727273
37.8908 11 7.18181818181818
37.9212 7 8.09090909090909
37.9515 3 7.45454545454545
37.9818 10 7.54545454545455
38.0121 9 8
38.0424 8 7.90909090909091
38.0728 12 7.54545454545455
38.1031 2 7.90909090909091
38.1334 7 8.63636363636364
38.1637 13 8.45454545454546
38.194 5 8.63636363636364
38.2244 7 8.54545454545455
38.2547 11 7.90909090909091
38.285 11 8.54545454545455
38.3153 8 8.63636363636364
38.3456 11 8
38.3759 7 7.90909090909091
38.4063 5 7.54545454545455
38.4366 9 7.54545454545455
38.4669 8 7.36363636363636
38.4972 6 7.72727272727273
38.5275 4 8.72727272727273
38.5579 3 11.1818181818182
38.5882 11 13.6363636363636
38.6185 9 16.0909090909091
38.6488 12 18
38.6791 22 18.5454545454545
38.7095 34 19.5454545454545
38.7398 32 19.9090909090909
38.7701 36 19.2727272727273
38.8004 29 19.4545454545455
38.8307 12 18.8181818181818
38.8611 15 17.4545454545455
38.8914 7 15
38.9217 4 13.2727272727273
38.952 11 10.6363636363636
38.9823 5 8.36363636363636
39.0126 7 7.72727272727273
39.043 7 6.90909090909091
39.0733 13 7.36363636363636
39.1036 7 7.45454545454545
39.1339 4 7.36363636363636
39.1642 5 8.45454545454546
39.1946 6 8.54545454545455
39.2249 12 9.09090909090909
39.2552 5 9.18181818181818
39.2855 10 9.90909090909091
39.3158 17 10
39.3462 8 10.2727272727273
39.3765 13 11.1818181818182
39.4068 14 11.2727272727273
39.4371 15 12.0909090909091
39.4674 5 12.1818181818182
39.4978 8 11.7272727272727
39.5281 16 11.7272727272727
39.5584 13 11.7272727272727
39.5887 14 12.1818181818182
39.619 11 11.9090909090909
39.6493 12 12.9090909090909
39.6797 8 12.6363636363636
39.71 13 11.6363636363636
39.7403 19 11.4545454545455
39.7706 12 11.3636363636364
39.8009 16 11.2727272727273
39.8313 5 11.0909090909091
39.8616 5 11.3636363636364
39.8919 11 11.4545454545455
39.9222 13 10.0909090909091
39.9525 10 9.72727272727273
39.9829 10 9
40.0132 11 9.45454545454546
40.0435 14 10.6363636363636
40.0738 4 10.7272727272727
40.1041 8 10.5454545454545
40.1345 8 11.0909090909091
40.1648 10 11.0909090909091
40.1951 18 10.8181818181818
40.2254 12 10.9090909090909
40.2557 11 12
40.286 16 11.7272727272727
40.3164 10 11.9090909090909
40.3467 8 11.5454545454545
40.377 15 11.1818181818182
40.4073 16 10.9090909090909
40.4376 5 11.7272727272727
40.468 10 11.2727272727273
40.4983 6 11.7272727272727
40.5286 14 12.8181818181818
40.5589 9 12.3636363636364
40.5892 20 12
40.6196 11 13.2727272727273
40.6499 15 13.3636363636364
40.6802 20 14.6363636363636
40.7105 10 15.3636363636364
40.7408 12 15.5454545454545
40.7711 19 15.0909090909091
40.8015 11 16
40.8318 20 16.1818181818182
40.8621 22 16
40.8924 11 16.8181818181818
40.9227 15 16.8181818181818
40.9531 21 16.9090909090909
40.9834 17 17.5454545454545
41.0137 18 17.6363636363636
41.044 19 17.3636363636364
41.0743 12 18.4545454545455
41.1047 20 19.0909090909091
41.135 18 19.0909090909091
41.1653 21 19.4545454545455
41.1956 19 19.4545454545455
41.2259 23 20.4545454545455
41.2563 22 21.6363636363636
41.2866 21 21.5454545454545
41.3169 21 22.6363636363636
41.3472 18 22.9090909090909
41.3775 30 23.7272727272727
41.4078 25 24.2727272727273
41.4382 19 24.5454545454545
41.4685 30 25.2727272727273
41.4988 24 26.3636363636364
41.5291 28 27.4545454545455
41.5594 29 28.9090909090909
41.5898 25 29.9090909090909
41.6201 29 33.5454545454545
41.6504 33 35.9090909090909
41.6807 30 37.4545454545455
41.711 46 39.6363636363636
41.7414 36 42.4545454545455
41.7717 59 46
41.802 56 48.4545454545455
41.8323 41 51.7272727272727
41.8626 52 54.5454545454545
41.893 60 57.9090909090909
41.9233 64 61.2727272727273
41.9536 56 63.5454545454545
41.9839 69 66.7272727272727
42.0142 61 70.7272727272727
42.0445 83 75.0909090909091
42.0749 73 78.3636363636364
42.1052 84 82
42.1355 91 86.9090909090909
42.1658 85 92.3636363636364
42.1961 100 99.7272727272727
42.2265 96 105.454545454545
42.2568 104 112.181818181818
42.2871 110 119.727272727273
42.3174 129 132.636363636364
42.3477 142 144.818181818182
42.3781 146 158.272727272727
42.4084 147 177.727272727273
42.4387 167 200.818181818182
42.469 233 228.454545454545
42.4993 219 261.272727272727
42.5297 248 305.909090909091
42.56 310 371
42.5903 358 458
42.6206 414 589.909090909091
42.6509 490 815.545454545455
42.6812 633 1376.36363636364
42.7116 862 5195.90909090909
42.7419 1104 58714.4545454545
42.7722 1618 209164.636363636
42.8025 2715 239691.545454545
42.8328 6388 241014.090909091
42.8632 42263 241620.090909091
42.8935 589014 242098.454545455
42.9238 1655310 242203.181818182
42.9541 336210 242157.090909091
42.9844 15038 241984.090909091
43.0148 7299 241463.454545455
43.0451 6124 237685.272727273
43.0754 2256 184211.636363636
43.1057 1111 33814.0909090909
43.136 812 3340.54545454545
43.1664 661 2050.54545454545
43.1967 703 1452.81818181818
43.227 804 942.636363636364
43.2573 937 769.272727272727
43.2876 1001 690.727272727273
43.3179 848 630.181818181818
43.3483 724 581.454545454546
43.3786 512 527.636363636364
43.4089 349 463.818181818182
43.4392 247 388
43.4695 146 305.636363636364
43.4999 125 235.363636363636
43.5302 111 176.363636363636
43.5605 102 135.272727272727
43.5908 103 109.363636363636
43.6211 95 93.4545454545455
43.6515 75 85.3636363636364
43.6818 75 79.4545454545455
43.7121 60 74.6363636363636
43.7424 64 70.4545454545455
43.7727 72 65.9090909090909
43.803 57 62.3636363636364
43.8334 60 59.9090909090909
43.8637 58 58.0909090909091
43.894 56 57.4545454545455
43.9243 53 55
43.9546 56 52.4545454545455
43.985 48 51.1818181818182
44.0153 55 49.4545454545455
44.0456 53 48.3636363636364
44.0759 37 47.9090909090909
44.1062 44 46.6363636363636
44.1366 43 44.7272727272727
44.1669 41 43.9090909090909
44.1972 46 42
44.2275 51 40.3636363636364
44.2578 39 38.2727272727273
44.2882 35 36.6363636363636
44.3185 39 33.9090909090909
44.3488 34 31.9090909090909
44.3791 35 29.2727272727273
44.4094 14 26.1818181818182
44.4397 26 24.2727272727273
44.4701 13 22.3636363636364
44.5004 19 20.5454545454545
44.5307 17 18.5454545454545
44.561 17 16.3636363636364
44.5913 18 16.9090909090909
44.6217 14 16.5454545454545
44.652 19 16.5454545454545
44.6823 12 16.6363636363636
44.7126 11 16.4545454545455
44.7429 20 15.6363636363636
44.7733 22 15
44.8036 13 14.9090909090909
44.8339 20 14.2727272727273
44.8642 15 14.0909090909091
44.8945 8 14.4545454545455
44.9249 11 14
44.9552 13 13.0909090909091
44.9855 12 13.0909090909091
45.0158 10 12.3636363636364
45.0461 15 12.2727272727273
45.0764 15 12.7272727272727
45.1068 12 12.6363636363636
45.1371 13 12.3636363636364
45.1674 12 12.2727272727273
45.1977 14 12.2727272727273
45.228 13 12.5454545454545
45.2584 10 12.2727272727273
45.2887 10 12.2727272727273
45.319 11 11.8181818181818
45.3493 10 12.2727272727273
45.3796 18 12.3636363636364
45.41 12 12.2727272727273
45.4403 12 12.3636363636364
45.4706 8 12.1818181818182
45.5009 17 12.1818181818182
45.5312 15 12.1818181818182
45.5616 12 11.5454545454545
45.5919 11 12.0909090909091
45.6222 8 12
45.6525 11 12.2727272727273
45.6828 10 11.2727272727273
45.7131 11 10.5454545454545
45.7435 18 10.6363636363636
45.7738 11 10.6363636363636
45.8041 11 11.2727272727273
45.8344 6 11.6363636363636
45.8647 7 11.7272727272727
45.8951 13 11.7272727272727
45.9254 11 11.1818181818182
45.9557 15 10.5454545454545
45.986 15 10.3636363636364
46.0163 11 10.5454545454545
46.0467 11 10.7272727272727
46.077 12 10.4545454545455
46.1073 4 10
46.1376 9 9.45454545454546
46.1679 8 8.72727272727273
46.1983 9 8.63636363636364
46.2286 10 8.63636363636364
46.2589 6 8.09090909090909
46.2892 9 8.27272727272727
46.3195 7 8
46.3498 10 8
46.3802 11 7.63636363636364
46.4105 6 7
46.4408 6 6.81818181818182
46.4711 6 6.72727272727273
46.5014 8 7.18181818181818
46.5318 5 6.90909090909091
46.5621 3 6.81818181818182
46.5924 4 6.90909090909091
46.6227 8 7.09090909090909
46.653 12 7.63636363636364
46.6834 7 8.27272727272727
46.7137 10 8.18181818181818
46.744 7 8.27272727272727
46.7743 8 8.27272727272727
46.8046 12 8.27272727272727
46.8349 15 8.09090909090909
46.8653 4 8.45454545454546
46.8956 4 8.18181818181818
46.9259 4 8.27272727272727
46.9562 8 7.90909090909091
46.9865 10 7.18181818181818
47.0169 11 7
47.0472 7 7
47.0775 8 7.36363636363636
47.1078 4 7.81818181818182
47.1381 4 7.45454545454545
47.1685 13 7.36363636363636
47.1988 4 7.09090909090909
47.2291 8 6.81818181818182
47.2594 9 6.45454545454545
47.2897 4 6.45454545454545
47.3201 9 6.81818181818182
47.3504 8 6.27272727272727
47.3807 4 6.36363636363636
47.411 4 6.09090909090909
47.4413 4 5.90909090909091
47.4716 8 6.36363636363636
47.502 7 6.09090909090909
47.5323 5 5.81818181818182
47.5626 5 5.63636363636364
47.5929 7 6.18181818181818
47.6232 9 6.54545454545455
47.6536 6 6
47.6839 5 5.45454545454545
47.7142 2 5.81818181818182
47.7445 10 6.45454545454545
47.7748 8 6.18181818181818
47.8052 2 5.81818181818182
47.8355 1 5.72727272727273
47.8658 9 5.63636363636364
47.8961 12 5.90909090909091
47.9264 4 6.09090909090909
47.9568 5 5.90909090909091
47.9871 5 6.45454545454545
48.0174 4 7
48.0477 5 6.36363636363636
48.078 12 5.72727272727273
48.1083 6 6.09090909090909
48.1387 8 6
48.169 7 5.81818181818182
48.1993 2 6
48.2296 5 6.18181818181818
48.2599 8 5.54545454545455
48.2903 4 5.63636363636364
48.3206 3 5.45454545454545
48.3509 6 5.54545454545455
48.3812 7 5.72727272727273
48.4115 5 5.90909090909091
48.4419 7 5.36363636363636
48.4722 6 5.81818181818182
48.5025 8 5.81818181818182
48.5328 4 5.63636363636364
48.5631 7 5.27272727272727
48.5935 2 5.45454545454545
48.6238 9 5.18181818181818
48.6541 3 5.36363636363636
48.6844 4 5.18181818181818
48.7147 3 5.27272727272727
48.745 7 4.81818181818182
48.7754 4 4.90909090909091
48.8057 8 4.45454545454545
48.836 6 4.45454545454545
48.8663 5 4.45454545454545
48.8966 2 4.54545454545455
48.927 3 4.18181818181818
48.9573 4 4.27272727272727
48.9876 3 3.90909090909091
49.0179 4 3.81818181818182
49.0482 4 3.72727272727273
49.0786 3 3.81818181818182
49.1089 5 4.09090909090909
49.1392 4 4.18181818181818
49.1695 5 4.54545454545455
49.1998 4 4.63636363636364
49.2302 3 5.09090909090909
49.2605 6 5.09090909090909
49.2908 5 5.18181818181818
49.3211 7 5.18181818181818
49.3514 5 5.45454545454545
49.3817 9 5.45454545454545
49.4121 3 5.63636363636364
49.4424 6 5.63636363636364
49.4727 4 6
49.503 8 5.90909090909091
49.5333 4 6
49.5637 5 6.09090909090909
49.594 6 6.18181818181818
49.6243 9 5.90909090909091
49.6546 6 6.09090909090909
49.6849 6 5.54545454545455
49.7153 10 5.45454545454545
49.7456 4 5.27272727272727
49.7759 3 5.27272727272727
49.8062 6 4.54545454545455
49.8365 2 4.36363636363636
49.8668 3 4.09090909090909
49.8972 3 3.72727272727273
49.9275 6 3.72727272727273
49.9578 1 4
49.9881 4 3.90909090909091
50.0184 3 4.27272727272727
50.0488 6 4.18181818181818
50.0791 4 4.27272727272727
50.1094 6 4.18181818181818
50.1397 5 4.09090909090909
50.17 6 4.54545454545455
50.2004 2 5
50.2307 4 4.63636363636364
50.261 5 4.54545454545455
50.2913 0 4.45454545454545
50.3216 9 4.54545454545455
50.352 8 4.81818181818182
50.3823 2 5
50.4126 3 5
50.4429 5 5
50.4732 6 5.54545454545455
50.5035 9 5.09090909090909
50.5339 4 4.90909090909091
50.5642 4 5.36363636363636
50.5945 5 5.36363636363636
50.6248 6 5.18181818181818
50.6551 4 5.09090909090909
50.6855 6 4.81818181818182
50.7158 7 4.63636363636364
50.7461 3 4.81818181818182
50.7764 3 4.72727272727273
50.8067 5 4.36363636363636
50.8371 6 4.54545454545455
50.8674 2 4.45454545454545
50.8977 6 4.45454545454545
50.928 4 4.45454545454545
50.9583 2 4.45454545454545
50.9887 6 4.45454545454545
51.019 5 4.36363636363636
51.0493 7 5
51.0796 3 5.09090909090909
51.1099 3 5.09090909090909
51.1402 5 5.27272727272727
51.1706 5 5.18181818181818
51.2009 9 5
51.2312 7 4.81818181818182
51.2615 4 4.81818181818182
51.2918 4 5.09090909090909
51.3222 5 5.36363636363636
51.3525 3 5.36363636363636
51.3828 5 5.18181818181818
51.4131 3 5.18181818181818
51.4434 6 5.45454545454545
51.4738 8 5.36363636363636
51.5041 5 5.36363636363636
51.5344 7 5.81818181818182
51.5647 7 5.63636363636364
51.595 7 6
51.6254 3 5.72727272727273
51.6557 5 5.63636363636364
51.686 8 5.36363636363636
51.7163 3 5
51.7466 7 4.63636363636364
51.7769 3 4.36363636363636
51.8073 7 4.27272727272727
51.8376 2 4.36363636363636
51.8679 3 3.63636363636364
51.8982 3 3.63636363636364
51.9285 4 3.54545454545455
51.9589 2 3.36363636363636
51.9892 6 3.54545454545455
52.0195 0 3.81818181818182
52.0498 3 3.81818181818182
52.0801 6 3.90909090909091
52.1105 1 3.72727272727273
52.1408 9 4
52.1711 5 4.09090909090909
52.2014 3 4.63636363636364
52.2317 4 4.63636363636364
52.2621 2 4.27272727272727
52.2924 5 4.54545454545455
52.3227 7 4.27272727272727
52.353 6 4.27272727272727
52.3833 3 4.45454545454545
52.4136 2 4.36363636363636
52.444 4 4.45454545454545
52.4743 6 4.45454545454545
52.5046 5 4.63636363636364
52.5349 5 4.36363636363636
52.5652 3 4.54545454545455
52.5956 3 4.81818181818182
52.6259 5 5
52.6562 9 4.72727272727273
52.6865 3 4.90909090909091
52.7168 5 4.90909090909091
52.7472 5 4.90909090909091
52.7775 6 4.81818181818182
52.8078 3 5.09090909090909
52.8381 7 4.72727272727273
52.8684 5 4.90909090909091
52.8988 3 4.72727272727273
52.9291 2 4.81818181818182
52.9594 8 4.36363636363636
52.9897 5 4.63636363636364
53.02 5 4.27272727272727
53.0503 3 4.27272727272727
53.0807 6 4.36363636363636
53.111 1 4.54545454545455
53.1413 6 4.27272727272727
53.1716 3 4.09090909090909
53.2019 5 4.09090909090909
53.2323 4 4.09090909090909
53.2626 4 4.18181818181818
53.2929 5 4.36363636363636
53.3232 3 4.27272727272727
53.3535 5 4.63636363636364
53.3839 3 4.63636363636364
53.4142 7 5
53.4445 3 4.63636363636364
53.4748 5 4.72727272727273
53.5051 7 4.72727272727273
53.5354 5 4.45454545454545
53.5658 8 4.45454545454545
53.5961 0 4.36363636363636
53.6264 6 4.54545454545455
53.6567 3 4.63636363636364
53.687 2 4.63636363636364
53.7174 3 5
53.7477 6 4.81818181818182
53.778 5 5.45454545454545
53.8083 6 5.54545454545455
53.8386 7 5.81818181818182
53.869 9 6.18181818181818
53.8993 6 6.27272727272727
53.9296 7 6.18181818181818
53.9599 7 6
53.9902 6 5.72727272727273
54.0206 6 5.54545454545455
54.0509 4 5.09090909090909
54.0812 5 4.81818181818182
54.1115 3 4.36363636363636
54.1418 3 4
54.1721 5 3.81818181818182
54.2025 4 3.90909090909091
54.2328 3 4.18181818181818
54.2631 2 4.09090909090909
54.2934 3 4.63636363636364
54.3237 4 4.54545454545455
54.3541 7 4.54545454545455
54.3844 7 4.81818181818182
54.4147 4 4.90909090909091
54.445 9 5.18181818181818
54.4753 2 5.54545454545455
54.5057 5 5.63636363636364
54.536 7 5.45454545454545
54.5663 4 5.27272727272727
54.5966 5 5.54545454545455
54.6269 7 5
54.6573 5 5.63636363636364
54.6876 5 5.90909090909091
54.7179 5 6
54.7482 7 5.81818181818182
54.7785 3 5.81818181818182
54.8088 9 5.45454545454545
54.8392 8 5.45454545454545
54.8695 8 5.45454545454545
54.8998 2 5.54545454545455
54.9301 5 5.81818181818182
54.9604 3 5.90909090909091
54.9908 5 5.63636363636364
55.0211 5 5.45454545454545
55.0514 6 5.18181818181818
55.0817 10 5.63636363636364
55.112 4 5.63636363636364
55.1424 6 5.63636363636364
55.1727 6 5.72727272727273
55.203 5 6.09090909090909
55.2333 7 5.90909090909091
55.2636 5 5.27272727272727
55.294 3 5.27272727272727
55.3243 6 5.18181818181818
55.3546 9 5.45454545454545
55.3849 4 5.72727272727273
55.4152 3 5.72727272727273
55.4455 4 5.81818181818182
55.4759 5 5.63636363636364
55.5062 9 5.54545454545455
55.5365 8 5.09090909090909
55.5668 7 5.54545454545455
55.5971 6 5.90909090909091
55.6275 1 6.27272727272727
55.6578 5 6.63636363636364
55.6881 4 6.09090909090909
55.7184 9 5.81818181818182
55.7487 7 5.72727272727273
55.7791 8 5.54545454545455
55.8094 9 5.81818181818182
55.8397 3 5.63636363636364
55.87 5 5.54545454545455
55.9003 6 5.18181818181818
55.9307 4 4.90909090909091
55.961 4 4.36363636363636
55.9913 3 3.90909090909091
56.0216 3 4.54545454545455
56.0519 5 4.72727272727273
56.0822 4 4.72727272727273
56.1126 2 4.90909090909091
56.1429 4 5.45454545454545
56.1732 10 5.54545454545455
56.2035 7 5.81818181818182
56.2338 6 5.63636363636364
56.2642 6 5.90909090909091
56.2945 10 6.27272727272727
56.3248 4 6.54545454545455
56.3551 6 6.36363636363636
56.3854 3 6.09090909090909
56.4158 7 6.45454545454545
56.4461 6 6.72727272727273
56.4764 7 6.36363636363636
56.5067 8 6.45454545454545
56.537 4 6.81818181818182
56.5673 10 6.90909090909091
56.5977 9 6.72727272727273
56.628 6 6.63636363636364
56.6583 5 7
56.6886 10 6.81818181818182
56.7189 4 7.27272727272727
56.7493 5 7
56.7796 5 6.72727272727273
56.8099 11 6.81818181818182
56.8402 6 7
56.8705 9 6.81818181818182
56.9009 7 7.27272727272727
56.9312 6 7.09090909090909
56.9615 7 7.18181818181818
56.9918 7 6.72727272727273
57.0221 8 6.63636363636364
57.0525 9 6.09090909090909
57.0828 3 6.09090909090909
57.1131 6 6.63636363636364
57.1434 6 6.81818181818182
57.1737 5 7.90909090909091
57.204 3 7.90909090909091
57.2344 7 8
57.2647 12 8.27272727272727
57.295 9 9.09090909090909
57.3253 19 9.18181818181818
57.3556 8 9.54545454545455
57.386 10 9.90909090909091
57.4163 6 9.90909090909091
57.4466 15 9.63636363636364
57.4769 7 9.27272727272727
57.5072 9 8.27272727272727
57.5376 7 8.18181818181818
57.5679 7 8
57.5982 9 8.09090909090909
57.6285 5 8.27272727272727
57.6588 8 8.27272727272727
57.6892 7 8.27272727272727
57.7195 8 8
57.7498 7 8.09090909090909
57.7801 17 8
57.8104 7 7.72727272727273
57.8407 9 8.09090909090909
57.8711 4 8.18181818181818
57.9014 8 8.09090909090909
57.9317 8 8.18181818181818
57.962 2 7.27272727272727
57.9923 12 7.54545454545455
58.0227 8 7.72727272727273
58.053 7 8.72727272727273
58.0833 8 8.90909090909091
58.1136 7 9.36363636363636
58.1439 10 10.4545454545455
58.1743 11 11.1818181818182
58.2046 15 11.2727272727273
58.2349 10 11.4545454545455
58.2652 13 12.0909090909091
58.2955 14 12.8181818181818
58.3259 20 13.5454545454545
58.3562 9 13.7272727272727
58.3865 9 13.5454545454545
58.4168 15 14.1818181818182
58.4471 15 14.4545454545455
58.4774 18 15
58.5078 13 15.2727272727273
58.5381 13 16.2727272727273
58.5684 17 17.0909090909091
58.5987 16 17.2727272727273
58.629 20 17.1818181818182
58.6594 23 17.8181818181818
58.6897 20 18.2727272727273
58.72 18 19
58.7503 17 19.7272727272727
58.7806 14 20.2727272727273
58.811 25 20.3636363636364
58.8413 18 20.3636363636364
58.8716 21 21
58.9019 25 22
58.9322 22 23.1818181818182
58.9626 21 23.9090909090909
58.9929 23 25
59.0232 27 26.6363636363636
59.0535 29 27.1818181818182
59.0838 30 28.2727272727273
59.1141 22 28.4545454545455
59.1445 37 29.7272727272727
59.1748 36 30.9090909090909
59.2051 27 31.3636363636364
59.2354 37 32
59.2657 24 31.9090909090909
59.2961 35 32.3636363636364
59.3264 36 31.7272727272727
59.3567 32 32.4545454545455
59.387 36 34.6363636363636
59.4173 29 36.9090909090909
59.4477 27 38.4545454545455
59.478 30 38.9090909090909
59.5083 44 39.5454545454545
59.5386 51 40.9090909090909
59.5689 62 43.4545454545455
59.5992 41 45.9090909090909
59.6296 40 49.0909090909091
59.6599 43 50.6363636363636
59.6902 47 53.7272727272727
59.7205 64 54.6363636363636
59.7508 56 53.4545454545455
59.7812 62 56.1818181818182
59.8115 47 60.3636363636364
59.8418 78 63.3636363636364
59.8721 61 66.6363636363636
59.9024 49 68.7272727272727
59.9328 71 70.1818181818182
59.9631 86 74.8181818181818
59.9934 76 80.7272727272727
60.0237 83 82.7272727272727
60.054 87 88
60.0844 72 94.7272727272727
60.1147 113 102.181818181818
60.145 112 108.454545454545
60.1753 100 120.454545454545
60.2056 119 129.545454545455
60.2359 123 139.909090909091
60.2663 153 153.272727272727
60.2966 155 164.090909090909
60.3269 208 181.181818181818
60.3572 183 200
60.3875 201 220.636363636364
60.4179 219 243.909090909091
60.4482 232 273.181818181818
60.4785 300 310.636363636364
60.5088 307 346.909090909091
60.5391 346 396.272727272727
60.5695 379 463.454545454545
60.5998 475 556.636363636364
60.6301 567 663.818181818182
60.6604 607 794.272727272727
60.6907 726 977.272727272727
60.7211 940 1206.27272727273
60.7514 1244 1528.81818181818
60.7817 1411 1940.45454545455
60.812 1735 2438.81818181818
60.8423 2320 3017
60.8726 2865 3619.90909090909
60.903 3927 4179.63636363636
60.9333 5003 4662.90909090909
60.9636 6049 5048.27272727273
60.9939 6967 5319.72727272727
61.0242 7358 5466.18181818182
61.0546 7097 5497.27272727273
61.0849 6560 5372
61.1152 5650 5107
61.1455 4721 4696.63636363636
61.1758 3931 4176.72727272727
61.2062 3207 3597
61.2365 2549 3026.81818181818
61.2668 2088 2486.18181818182
61.2971 1535 2024.36363636364
61.3274 1248 1635.90909090909
61.3578 981 1311.63636363636
61.3881 825 1047.45454545455
61.4184 613 842.090909090909
61.4487 570 673.181818181818
61.479 448 551.636363636364
61.5093 364 450.909090909091
61.5397 301 375.909090909091
61.57 290 313.363636363636
61.6003 230 266.454545454545
61.6306 198 224.272727272727
61.6609 140 190.818181818182
61.6913 156 165.454545454545
61.7216 137 145.909090909091
61.7519 97 126
61.7822 106 110.909090909091
61.8125 80 96.9090909090909
61.8429 85 88.5454545454545
61.8732 86 77.1818181818182
61.9035 71 68.7272727272727
61.9338 64 63.7272727272727
61.9641 44 57.5454545454545
61.9945 48 53.7272727272727
62.0248 31 48.9090909090909
62.0551 44 44.1818181818182
62.0854 42 40.2727272727273
62.1157 38 37.2727272727273
62.146 38 34.8181818181818
62.1764 32 32.1818181818182
62.2067 34 31.5454545454545
62.237 28 30
62.2673 31 27.5454545454545
62.2976 17 25.1818181818182
62.328 19 23.3636363636364
62.3583 24 21.5454545454545
62.3886 27 19.4545454545455
62.4189 15 18.0909090909091
62.4492 12 16.6363636363636
62.4796 18 16.4545454545455
62.5099 12 15.3636363636364
62.5402 11 14.5454545454545
62.5705 13 13.4545454545455
62.6008 15 12.4545454545455
62.6311 15 12.4545454545455
62.6615 7 11.1818181818182
62.6918 15 11
62.7221 15 11.2727272727273
62.7524 4 11.2727272727273
62.7827 12 10.7272727272727
62.8131 4 10.2727272727273
62.8434 10 10.0909090909091
62.8737 14 9.63636363636364
62.904 13 8.72727272727273
62.9343 9 9.45454545454546
62.9647 10 8.90909090909091
62.995 5 9.36363636363636
63.0253 10 9.09090909090909
63.0556 5 8.72727272727273
63.0859 12 8.54545454545455
63.1163 6 8.63636363636364
63.1466 9 8.54545454545455
63.1769 7 8.63636363636364
63.2072 10 9
63.2375 11 9.18181818181818
63.2678 10 8.54545454545455
63.2982 9 8.36363636363636
63.3285 6 8
63.3588 14 8.18181818181818
63.3891 7 7.45454545454545
63.4194 5 7
63.4498 4 6.72727272727273
63.4801 5 6.63636363636364
63.5104 9 6.45454545454545
63.5407 2 6
63.571 6 5.72727272727273
63.6014 7 5.81818181818182
63.6317 8 5.90909090909091
63.662 4 5.54545454545455
63.6923 9 5.09090909090909
63.7226 4 5.27272727272727
63.753 6 5.18181818181818
63.7833 5 5
63.8136 1 4.72727272727273
63.8439 4 5
63.8742 4 4.90909090909091
63.9045 5 4.81818181818182
63.9349 5 4.90909090909091
63.9652 5 5
63.9955 7 5.36363636363636
64.0258 8 6.18181818181818
64.0561 3 6.54545454545455
64.0865 7 6.54545454545455
64.1168 6 6.36363636363636
64.1471 5 7.18181818181818
64.1774 13 7.09090909090909
64.2077 8 7.36363636363636
64.2381 5 8
64.2684 3 8.90909090909091
64.2987 14 10.1818181818182
64.329 6 13.0909090909091
64.3593 11 14.8181818181818
64.3897 10 17.7272727272727
64.42 17 20.1818181818182
64.4503 20 21.8181818181818
64.4806 37 21.9090909090909
64.5109 32 21.9090909090909
64.5412 40 21.4545454545455
64.5716 32 21.1818181818182
64.6019 21 19.9090909090909
64.6322 15 18.7272727272727
64.6625 6 15.6363636363636
64.6928 6 13.3636363636364
64.7232 7 10.0909090909091
64.7535 3 7.54545454545455
64.7838 7 6.18181818181818
64.8141 3 5.27272727272727
64.8444 7 5.18181818181818
64.8748 4 5.09090909090909
64.9051 4 5.09090909090909
64.9354 6 5.18181818181818
64.9657 5 4.81818181818182
64.996 5 5
65.0264 5 5