400.001449584961 -0.0120112782011476 400.001449584961 -0.0113233082761633 399.990249633789 -0.00309350228201953 399.990249633789 -0.00406185443194202
399.991302490234 -0.00561928291372978 399.991302490234 -0.00631969838827818 398.719802856445 -0.00222104584645277 398.719802856445 -0.00352577897988467
398.594741821289 7.50724156240013E-4 398.594741821289 -8.91665476448778E-4 397.337890625 -0.00164523712328078 397.337890625 -0.00228792395691624
397.22200012207 8.35445812131508E-4 397.22200012207 -6.15065783605969E-4 394.804306030273 -0.00215529744813534 394.804306030273 -0.0022358680018271
394.90934753418 0.00156199333225604 394.90934753418 -0.00108284245684701 392.504852294922 -0.00276644758901741 392.504852294922 -0.00313834160975731
393.662796020508 0.00199985498238677 393.662796020508 -9.3311317884733E-4 391.595840454102 -0.00506374146762746 391.595840454102 -0.00692439018162176
392.517639160156 0.00286681658516212 392.517639160156 -5.1579065759865E-4 390.404312133789 -0.00587440267153872 390.404312133789 -0.00827601067451766
391.568649291992 0.00787748289450411 391.568649291992 -0.0016703732017443 388.501342773438 -0.00612049992912854 388.501342773438 -0.0068787074260384
390.425201416016 0.0117106307509355 390.425201416016 -0.00227840312783033 387.710250854492 -0.00657031408629532 387.710250854492 -0.00834866228726245
388.475402832031 0.016511089923995 388.475402832031 -0.00197636685552784 386.656600952148 -0.00503577696972207 386.656600952148 -0.00517523012036003
387.735656738281 0.0208846677514554 387.735656738281 -0.0019126142753954 385.574142456055 -0.00413966030761349 385.574142456055 -0.00340427649308535
386.635299682617 0.0173594391212898 386.635299682617 -0.00134627480948292 384.67333984375 -0.00450473090994015 384.67333984375 -0.005121049279185
385.557006835938 0.0143928459682057 385.557006835938 -6.89114480024386E-4 383.657150268555 -0.00463490951747842 383.657150268555 -0.00538812140837556
384.640502929688 0.0138386395393796 384.640502929688 -6.79498983417604E-4 382.623352050781 -0.00396543895577169 382.623352050781 -0.00610512228066088
383.670593261719 0.012212074063303 383.670593261719 -9.1175190867288E-4 381.608840942383 -0.00400389314726063 381.608840942383 -0.00549922179833355
382.655944824219 0.0109176663420326 382.655944824219 -4.47680567234189E-4 380.666702270508 -0.00400084191724336 380.666702270508 -0.00551410488076875
381.659912109375 0.0102318255358387 381.659912109375 -3.61853334134409E-4 379.643692016602 -0.00381998889749411 379.643692016602 -0.00526255979173197
380.63134765625 0.00945569908668431 380.63134765625 -3.1279970867801E-4 378.635452270508 -0.00399356854762406 378.635452270508 -0.00411079109431601
379.649642944336 0.00883888449052511 379.649642944336 -9.67181374224844E-5 377.666244506836 -0.00377928831411082 377.666244506836 -0.00436369955875237
378.672454833984 0.0085495082244076 378.672454833984 -2.15643648159613E-4 376.617904663086 -0.00327339048127415 376.617904663086 -0.00463210462973836
377.619049072266 0.00838512082775403 377.619049072266 -2.03039013813119E-4 375.64794921875 -0.00291205929540404 375.64794921875 -0.00425408372123939
376.641052246094 0.00782962639690817 376.641052246094 -2.20282174851877E-4 374.666351318359 -0.00311105064339393 374.666351318359 -0.00316972566633735
375.666397094727 0.00742164539282924 375.666397094727 -3.78849661885624E-4 373.663650512695 -0.00343247001803538 373.663650512695 -0.00343101688024
374.639739990234 0.00730549105821165 374.639739990234 -1.27784791445584E-5 372.646194458008 -0.00348222760984929 372.646194458008 -0.00495946235939468
373.654052734375 0.00728766566485743 373.654052734375 6.98314010290367E-4 371.664901733398 -0.00337443100000814 371.664901733398 -0.00396580657856502
372.61149597168 0.00719388947805675 372.61149597168 0.00119091259758245 370.62629699707 -0.00311490356100787 370.62629699707 -0.00373416806899938
371.691650390625 0.00716764785320936 371.691650390625 0.00103567348560347 369.667999267578 -0.00348553076565867 369.667999267578 -0.00578647700017341
370.664596557617 0.00716542778111805 370.664596557617 6.89210469866425E-4 368.634506225586 -0.00365729255749691 368.634506225586 -0.00581733432000541
369.641952514648 0.00708315823403425 369.641952514648 0.00116312433687648 367.669708251953 -0.00340125211646848 367.669708251953 -0.00503390429205162
368.651153564453 0.00707920125021767 368.651153564453 0.00147219735339649 366.634796142578 -0.00304694566735031 366.634796142578 -0.00460882727654002
367.653701782227 0.00724497231079431 367.653701782227 0.00144359150224675 365.646102905273 -0.003022217636291 365.646102905273 -0.00578250019530145
366.682846069336 0.0072239492183601 366.682846069336 0.00178905418891515 364.614212036133 -0.00325911233839291 364.614212036133 -0.00393481770914122
365.62548828125 0.00756919498530736 365.62548828125 0.00276820304433567 363.629898071289 -0.00285290985322778 363.629898071289 -0.00291645061542464
364.653900146484 0.00782383618912814 364.653900146484 0.00291523445952549 362.656600952148 -0.00257946816230434 362.656600952148 -0.00526252171146064
363.664047241211 0.00749782135172652 363.664047241211 0.00276270048339836 361.62190246582 -0.00247461961331779 361.62190246582 -0.00534197638303789
362.640197753906 0.0076717906529913 362.640197753906 0.00332173528536172 360.639602661133 -0.00221561222900551 360.639602661133 -0.00597576000091531
361.642044067383 0.00768274756340689 361.642044067383 0.00444824756701022 359.658248901367 -0.00216835579186344 359.658248901367 -0.00541507478878834
360.637405395508 0.00774979726225255 360.637405395508 0.00470425388676714 358.635604858398 -0.00221601579802636 358.635604858398 -0.00479617248969733
359.659393310547 0.0075185163263446 359.659393310547 0.00411059240994091 357.636093139648 -0.00182020828182563 357.636093139648 -0.00498028138839623
358.624450683594 0.00746010428378271 358.624450683594 0.00464496565902933 356.663757324219 -0.0016980455681947 356.663757324219 -0.0050670021721184
357.645553588867 0.00779121994280605 357.645553588867 0.00580619889702256 355.647201538086 -0.00203728166295421 355.647201538086 -0.00586179352487564
356.673751831055 0.0080328847466303 356.673751831055 0.00732092978549131 354.624099731445 -0.00171535535744444 354.624099731445 -0.00664934766025373
355.610000610352 0.00819788891023511 355.610000610352 0.00795920688717965 353.638214111328 -0.00157665487572494 353.638214111328 -0.00624745241490999
354.669097900391 0.00782724015031362 354.669097900391 0.00838803290105876 352.654205322266 -0.00212946969584971 352.654205322266 -0.00539414987441314
353.625701904297 0.0074699294051248 353.625701904297 0.00962438533730641 351.628051757813 -0.00215086477939054 351.628051757813 -0.00559744006089655
352.639450073242 0.0076273062317347 352.639450073242 0.0109022381562835 350.650253295898 -0.00141800682695948 350.650253295898 -0.00534441899085331
351.668060302734 0.00770628591091872 351.668060302734 0.0122440512973574 349.609298706055 -0.00104363481772298 349.609298706055 -0.00479694580016441
350.62109375 0.00759159838444158 350.62109375 0.0143276369284274 348.622741699219 -0.00128518709835625 348.622741699219 -0.00512008469922568
349.635803222656 0.00758916430438063 349.635803222656 0.0163709132750507 347.653594970703 -0.00128777233331975 347.653594970703 -0.00631197185758244
348.652801513672 0.0073260061695791 348.652801513672 0.0183583619689159 346.671539306641 -9.23424245412291E-4 346.671539306641 -0.00618241470023123
347.644409179688 0.00698518484043875 347.644409179688 0.0207805574260577 345.636291503906 -6.29934502639396E-4 345.636291503906 -0.00534231351084903
346.616851806641 0.0070486860349294 346.616851806641 0.023355354472223 344.606292724609 -5.4547254496407E-4 344.606292724609 -0.0055284286834366
345.644287109375 0.00700785925017205 345.644287109375 0.0262007523478753 343.654357910156 -4.89377413841992E-4 343.654357910156 -0.00421329999913331
344.671295166016 0.00676165561670568 344.671295166016 0.028629044898802 342.618942260742 -6.48876404041929E-4 342.618942260742 -0.00357363770114149
343.623199462891 0.00670129011198041 343.623199462891 0.0310380016704028 341.611450195313 -4.54433542865105E-4 341.611450195313 -0.00497860150740982
342.659591674805 0.00642714602929773 342.659591674805 0.0332910741608944 340.670104980469 -5.7638430881784E-5 340.670104980469 -0.00459753187958269
341.625350952148 0.00651713187977834 341.625350952148 0.0347532200118367 339.615142822266 1.85715627723944E-4 339.615142822266 -0.00295892969128669
340.644607543945 0.00635628982981522 340.644607543945 0.0362795599850786 338.654861450195 3.51255235896425E-4 338.654861450195 -0.00426587329565172
339.667999267578 0.00593049100110828 339.667999267578 0.0374598814021518 337.684799194336 4.1837211666028E-4 337.684799194336 -0.00636396524193517
338.633453369141 0.00588323502001963 338.633453369141 0.0383649123081897 336.647552490234 5.38037480067886E-4 336.647552490234 -0.00499214912840216
337.642242431641 0.00567650537936987 337.642242431641 0.039748806082788 335.659896850586 6.53701505764566E-4 335.659896850586 -0.0041581657549068
336.674850463867 0.00549112699975883 336.674850463867 0.0412020539521125 334.677551269531 6.90840419175033E-4 334.677551269531 -0.00424608221419651
335.639099121094 0.00530804669203743 335.639099121094 0.041967946584473 333.656997680664 8.36018099486782E-4 333.656997680664 -0.00273730649351373
334.63639831543 0.00516398166413203 334.63639831543 0.0418775893285253 332.618347167969 0.0010627858141735 332.618347167969 -0.00337297839390362
333.638748168945 0.00510837867577949 333.638748168945 0.0417148281741486 331.639953613281 0.00114481165402805 331.639953613281 -0.00382358620152279
332.662963867188 0.00525911632490995 332.662963867188 0.0402492367623274 330.659896850586 0.00145959050661923 330.659896850586 -0.00434604364011445
331.619110107422 0.00514150002158519 331.619110107422 0.0382177473152263 329.648345947266 -0.001589419821641 329.648345947266 -0.0043904621204507
330.658493041992 0.00487440018064592 330.658493041992 0.0351544748723044 328.61799621582 -0.00142572531960996 328.61799621582 -0.00580663633253736
329.680755615234 0.00469395476911643 329.680755615234 0.0317122137786506 327.649444580078 0.00207935080011084 327.649444580078 -0.00647089939100472
328.637985229492 0.00444819478670086 328.637985229492 0.0284928724975966 326.653961181641 0.00258309409942516 326.653961181641 -0.00354204778441545
327.633743286133 0.00448910630439345 327.633743286133 0.0249733938632899 325.668090820313 0.00284943245130162 325.668090820313 -0.00294831169516137
326.645004272461 0.00440781699854309 326.645004272461 0.0221576699971624 324.641296386719 0.00292936425789582 324.641296386719 -0.00393867281189763
325.657257080078 0.00434077086888664 325.657257080078 0.0198269587176957 323.653656005859 0.00318336756824612 323.653656005859 -0.00365715016562594
324.684143066406 0.00439682641332954 324.684143066406 0.0181460859503714 322.619293212891 0.00336760627905171 322.619293212891 -0.00183526941823613
323.630859375 0.00457437264616456 323.630859375 0.016802970033064 321.643585205078 0.00367502170793829 321.643585205078 -0.0033973423178337
322.670761108398 0.0046731377680397 322.670761108398 0.0152010976234519 320.658340454102 0.00406003342867862 320.658340454102 -0.00483343227190053
321.646301269531 0.0046426438674058 321.646301269531 0.0138024740513246 319.668060302734 0.00430261559124584 319.668060302734 -0.00180086224498773
320.623748779297 0.004679718892063 320.623748779297 0.0127037986735548 318.638854980469 0.00452240598549718 318.638854980469 -0.00100216350149617
319.631896972656 0.00459052979774786 319.631896972656 0.0116897067073069 317.655853271484 0.0047116584368501 317.655853271484 -0.00384472776710417
318.644195556641 0.00453637462466496 318.644195556641 0.0109103237000582 316.616912841797 0.00509106454566288 316.616912841797 -0.00440038065254319
317.654739379883 0.00447946110765015 317.654739379883 0.00996716931006358 315.641799926758 0.00581987776590546 315.641799926758 -0.00355467181078112
316.619491577148 0.00423696942234132 316.619491577148 0.00945877477795446 314.651245117188 0.00597187794303596 314.651245117188 -0.00269441788676535
315.656295776367 0.00423371309983193 315.656295776367 0.00894849210228729 313.629150390625 0.00625832075729547 313.629150390625 -0.00154676135588231
314.660690307617 0.00450328364344113 314.660690307617 0.00845302272736962 312.637390136719 0.00672116586348655 312.637390136719 -0.00166927851300339
313.671646118164 0.00452373751477157 313.671646118164 0.00829912539791037 311.658340454102 0.00697874860490451 311.658340454102 -0.00283569244851581
312.632064819336 0.00469298787832876 312.632064819336 0.00792143834051886 310.680389404297 0.00771533864906451 310.680389404297 -0.00602352335911145
311.664001464844 0.00487905532937905 311.664001464844 0.00753523620739496 309.647750854492 0.00834491864457367 309.647750854492 -0.00610561355811853
310.629455566406 0.00484881779203358 310.629455566406 0.00742418791227776 308.656051635742 0.00879394946554621 308.656051635742 -0.00289966257189163
309.64289855957 0.00505698510836891 309.64289855957 0.00733801690526077 307.564651489258 0.00936979376255211 307.564651489258 -0.00308433292492903
308.675155639648 0.00502025620897134 308.675155639648 0.00722662425019384 306.650207519531 0.0103192700118719 306.650207519531 -0.00343776897588469
307.645095825195 0.00491310013465559 307.645095825195 0.00692768336641764 305.671447753906 0.0110453549652538 305.671447753906 -9.53854007097984E-4
306.653610229492 0.00495285217268577 306.653610229492 0.00667137585803155 304.624496459961 0.0116711065804774 304.624496459961 -0.00129919771460598
305.679397583008 0.00498477476353731 305.679397583008 0.00661290130529385 303.637649536133 0.011973800175436 303.637649536133 -0.00336524727962262
304.650756835938 0.00498209506536228 304.650756835938 0.00647190569522277 302.604461669922 0.0120746776084979 302.604461669922 -0.00290588850261579
303.645446777344 0.00504037182355569 303.645446777344 0.00634484562127673 301.649703979492 0.0129112165931871 301.649703979492 -7.68555201677579E-4
302.607452392578 0.0050136539870009 302.607452392578 0.00642482367960842 300.616104125977 0.013982141621969 300.616104125977 -0.00228355462688781
301.620712280273 0.00504341887960089 301.620712280273 0.00644354719044314 299.63850402832 0.0146923289832556 299.63850402832 -0.00375498166589213
300.626098632813 0.00519369275680221 300.626098632813 0.00637996552817778 298.648895263672 0.0154289607416797 298.648895263672 -0.00338918041125746
299.638259887695 0.0053165974857795 299.638259887695 0.00643987833729946 297.673004150391 0.0163078033102573 297.673004150391 -0.00236252539724507
298.669204711914 0.00554891976125634 298.669204711914 0.00672925939968423 296.62809753418 0.0169812917503416 296.62809753418 -0.00218864235019688
297.671401977539 0.00545051729699129 297.671401977539 0.00653630025968886 295.637649536133 0.0178636798950278 295.637649536133 -8.42091284939382E-4
296.635192871094 0.00531821696907212 296.635192871094 0.00641194738742183 294.628494262695 0.0188955564715795 294.628494262695 5.0837091095762E-4
295.641403198242 0.00532220408025304 295.641403198242 0.00635645565651798 293.644561767578 0.0196724397195693 293.644561767578 -6.52729576473674E-4
294.645645141602 0.0053892070937851 294.645645141602 0.00621518064157483 292.658355712891 0.0205781182194504 292.658355712891 -0.00277154819259096
293.665786743164 0.00551149539938373 293.665786743164 0.00623803030604327 291.632904052734 0.0213627054912368 291.632904052734 -0.00377896594361884
292.631301879883 0.00582030440387691 292.631301879883 0.00684546195803906 290.66455078125 0.0217452565253321 290.66455078125 -0.00254973935574214
291.621948242188 0.00591463608481192 291.621948242188 0.00689018719927962 289.643447875977 0.0229787874807797 289.643447875977 -0.00202961396271476
290.636108398438 0.00561890206154609 290.636108398438 0.00627549379334525 288.675598144531 0.0239791640734087 288.675598144531 -5.77658504610675E-4
289.61930847168 0.00511254700798078 289.61930847168 0.0059328710299246 287.639205932617 0.0244134461822106 287.639205932617 -5.36269751788195E-4
288.622695922852 0.00540532003502371 288.622695922852 0.00603635084995546 286.661544799805 0.0251578606354374 286.661544799805 -3.95887572070895E-4
287.661010742188 0.0059623338613247 287.661010742188 0.0067209541290472 285.685546875 0.0254856332234814 285.685546875 -0.00162678901393919
286.654296875 0.00621896949298038 286.654296875 0.00732087302470677 284.626602172852 0.0259142777364527 284.626602172852 -0.00176766480546906
285.633102416992 0.00631288481643967 285.633102416992 0.00730977103759677 283.671691894531 0.0263570681530165 283.671691894531 -2.8254025999902E-4
284.554595947266 0.00601421090655015 284.554595947266 0.00669067114017195 282.643600463867 0.0269164929766157 282.643600463867 0.00146308769336928
283.668045043945 0.00544464810200272 283.668045043945 0.00613146242997681 281.650543212891 0.0278009048083109 281.650543212891 9.07510450449989E-4
282.62614440918 0.00556463906793545 282.62614440918 0.00615255525409793 280.643096923828 0.0278714846392228 280.643096923828 -0.00143181302985069
281.64990234375 0.00621030833098272 281.64990234375 0.00672082642764937 279.668090820313 0.027229841687343 279.668090820313 -4.92334841681324E-4
280.667602539063 0.00644417899932875 280.667602539063 0.00704506008695823 278.618148803711 0.0269360919971374 278.618148803711 -1.36533375880334E-4
279.634292602539 0.00650939090111565 279.634292602539 0.0071715085463842 277.618545532227 0.0272390598290171 277.618545532227 8.55340750851303E-4
278.65901184082 0.00629152392354575 278.65901184082 0.00703972571976691 276.622451782227 0.027661084933341 276.622451782227 9.78317126078579E-4
277.618255615234 0.00639134641419317 277.618255615234 0.00701782554142967 275.632354736328 0.0273172356858773 275.632354736328 -0.00244007214641756
276.643859863281 0.0065620816629886 276.643859863281 0.00708718542329808 274.63899230957 0.0266733229665316 274.63899230957 -0.00123468965026938
275.678298950195 0.00664572421960433 275.678298950195 0.00698106949834615 273.670349121094 0.0264179608884555 273.670349121094 6.84914243152322E-4
274.635406494141 0.00653361379604789 274.635406494141 0.00707397753571997 272.617950439453 0.0259878585094238 272.617950439453 2.72266215364239E-4
273.66081237793 0.00652318004774752 273.66081237793 0.00731779449053816 271.640701293945 0.0250132837729799 271.640701293945 9.43320283896509E-4
272.628936767578 0.00671915573066634 272.628936767578 0.00711204667623654 270.641860961914 0.0239975450202171 270.641860961914 -2.56572918415501E-4
271.648941040039 0.00667158040537915 271.648941040039 0.00701823352605869 269.653045654297 0.0234085358414794 269.653045654297 7.0417153583471E-4
270.615051269531 0.00676204997878733 270.615051269531 0.00735452918941061 268.678451538086 0.0228249752675818 268.678451538086 -1.83762871216631E-4
269.635803222656 0.00687244377569177 269.635803222656 0.0073913446945686 267.652694702148 0.0213330298036065 267.652694702148 -9.10433104481431E-4
268.665802001953 0.00718714700717031 268.665802001953 0.00774598356809884 266.655288696289 0.0202119253964133 266.655288696289 0.0021117016366506
267.654235839844 0.00730707429075 267.654235839844 0.00764524395194402 265.6708984375 0.0199998381106891 265.6708984375 0.00222412990281183
266.672805786133 0.0070382508815908 266.672805786133 0.00751793337782385 264.676849365234 0.0191532988157564 264.676849365234 0.00131089201592464
265.633193969727 0.00693256740766087 265.633193969727 0.00757132684559562 263.610641479492 0.0182447662049361 263.610641479492 9.52576381025494E-4
264.688003540039 0.00699541124317439 264.688003540039 0.00746936917587334 262.642395019531 0.0175862657198648 262.642395019531 0.00119687870718639
263.674591064453 0.00710017318180411 263.674591064453 0.00775192751044804 261.660705566406 0.0167335251098492 261.660705566406 7.89699828641447E-4
262.63200378418 0.00728472495888384 262.63200378418 0.00771730947897705 260.595901489258 0.0159261099470861 260.595901489258 0.00130799446101357
261.646392822266 0.00735175685913053 261.646392822266 0.00970702020593697 259.638610839844 0.0153779299953619 259.638610839844 0.00360420382412072
260.673446655273 0.00727131786032703 260.673446655273 0.00963865254116282 258.672149658203 0.0145357406103063 258.672149658203 0.00355824421401081
259.628036499023 0.00759696195356264 259.628036499023 0.00792247954543455 257.632843017578 0.0137640045234528 257.632843017578 0.00231209605368619
258.653289794922 0.00762298193294367 258.653289794922 0.00810271394607069 256.650894165039 0.0131287264738059 256.650894165039 0.00166107528710502
257.62548828125 0.00746564910278278 257.62548828125 0.00787108044934593 255.620750427246 0.0124480581989358 255.620750427246 0.00200304406227707
256.639709472656 0.00743741665953589 256.639709472656 0.0077282000955722 254.634002685547 0.0117268319879962 254.634002685547 0.00344963471274515
255.63289642334 0.00749793988255012 255.63289642334 0.0079094446431698 253.664596557617 0.0111522751331464 253.664596557617 0.00318178329351167
254.65625 0.00765819685324418 254.65625 0.00781275654206563 252.632751464844 0.010776191018331 252.632751464844 0.00393180224409002
253.662750244141 0.00763554070018126 253.662750244141 0.0077129769838713 251.638748168945 0.0102451075584263 251.638748168945 0.00513604571718849
252.645004272461 0.00782690226551785 252.645004272461 0.0079963275415873 250.652198791504 0.00976926388872815 250.652198791504 0.00508510185817284
251.663551330566 0.00794621853282741 251.663551330566 0.00804280738632231 249.615104675293 0.0093035506978409 249.615104675293 0.00475209155525288
250.627449035645 0.00790454074634622 250.627449035645 0.008274117930472 248.650100708008 0.00859984393683251 248.650100708008 0.00463341778555887
249.643646240234 0.00823844507747358 249.643646240234 0.00858243961369369 247.642547607422 0.0083598406729079 247.642547607422 0.00555543361000924
248.672050476074 0.00818304489063541 248.672050476074 0.00842955742143977 246.65795135498 0.00822766359709562 246.65795135498 0.0048479627048183
247.643203735352 0.0080160847208904 247.643203735352 0.00825658798658402 245.633399963379 0.00780598375664316 245.633399963379 0.00524323068401744
246.670700073242 0.00825694552408234 246.670700073242 0.0083265278636519 244.633155822754 0.00722428545134272 244.633155822754 0.00667282247498271
245.640350341797 0.00825279765456139 245.640350341797 0.00841916505600845 243.639793395996 0.00676307890675612 243.639793395996 0.00779262942383334
244.669700622559 0.00814113534770931 244.669700622559 0.00847549122683519 242.64274597168 0.00686512232931095 242.64274597168 0.00791723066934844
243.65104675293 0.0082115325118683 243.65104675293 0.00845339185255982 241.661552429199 0.00669389509183298 241.661552429199 0.00724750148781513
242.659950256348 0.00842698553490637 242.659950256348 0.00855998483082383 240.615646362305 0.00645759040673773 240.615646362305 0.00836048930124019
241.624252319336 0.00849497017273392 241.624252319336 0.00870833657731697 239.619552612305 0.00651629110773582 239.619552612305 0.00922731880144726
240.646545410156 0.00844849796183468 240.646545410156 0.00865998289084035 238.63355255127 0.00675040330694742 238.63355255127 0.00907576433612995
239.651748657227 0.00860971397072317 239.651748657227 0.00877306471871969 237.659950256348 0.00644039569503382 237.659950256348 0.0094001207036155
238.626945495605 0.00859021791088761 238.626945495605 0.00876784789967482 236.63005065918 0.00559104200564 236.63005065918 0.0100487618272217
237.644248962402 0.00864873257419012 237.644248962402 0.00862463493791054 235.658798217773 0.0053107764667677 235.658798217773 0.0118986105473358
236.661201477051 0.00869045808653988 236.661201477051 0.00872208134797251 234.634796142578 0.00527631867896446 234.634796142578 0.0125943121929856
235.606147766113 0.00905733180636369 235.606147766113 0.00916955763215143 233.64599609375 0.00524773340607948 233.64599609375 0.0118054383864249
234.64794921875 0.00912004848429943 234.64794921875 0.00927997794178792 232.658248901367 0.00513492986604763 232.658248901367 0.0128671191764061
233.655799865723 0.00884417291546293 233.655799865723 0.0090500680660489 231.621398925781 0.00480002542822409 231.621398925781 0.0129049704383093
232.620498657227 0.00880813661849653 232.620498657227 0.00895835253518252 230.626899719238 0.00457460087353934 230.626899719238 0.0141146823583909
231.652297973633 0.00881691161872431 231.652297973633 0.00885478318105463 229.652900695801 0.00448561527079387 229.652900695801 0.0148023006735658
230.661254882813 0.0091667739058003 230.661254882813 0.00922218738195321 228.681396484375 0.00439699393153763 228.681396484375 0.0142534217222028
229.627197265625 0.00935751111797665 229.627197265625 0.00944209456766612 227.638648986816 0.00554380595850204 227.638648986816 0.0156232685951697
228.666450500488 0.00922295196678432 228.666450500488 0.00932698739069913 226.661247253418 0.00658630268380559 226.661247253418 0.01686669169685
227.651748657227 0.00901216502028245 227.651748657227 0.00954979172631942 225.62345123291 0.00523807727189122 225.62345123291 0.0181205105342149
226.668548583984 0.00932428733153503 226.668548583984 0.00958352093776992 224.592399597168 0.00423015922776182 224.592399597168 0.0171709428886366
225.624099731445 0.00943241828915423 225.624099731445 0.00926323353466299 223.688949584961 0.00410162839164954 223.688949584961 0.0161796670582171
224.652297973633 0.00937774851391182 224.652297973633 0.00936002548694331 222.635498046875 0.00393496333732571 222.635498046875 0.0187898722066557
223.595603942871 0.00952590856772271 223.595603942871 0.00963251499186953 221.668144226074 0.00384709341299656 221.668144226074 0.0184612265757841
222.657402038574 0.00954739645305407 222.657402038574 0.00962708330924069 220.63809967041 0.00371675781638779 220.63809967041 0.0182120393056768
221.625152587891 0.00955329695576701 221.625152587891 0.0095290477958491 219.668601989746 0.00382281414202364 219.668601989746 0.0209008075456238
220.664794921875 0.00974748370087048 220.664794921875 0.00980228299508294 218.640998840332 0.0038689746340139 218.640998840332 0.021622884767646
219.633155822754 0.00993219528496414 219.633155822754 0.0100062894527458 217.661003112793 0.00361522851301258 217.661003112793 0.020011063298686
218.641304016113 0.0097905507588649 218.641304016113 0.0099634852157409 216.619094848633 0.0034186295376623 216.619094848633 0.018924653661192
217.660049438477 0.00951207870677806 217.660049438477 0.00964295527456661 215.644905090332 0.00352121078818406 215.644905090332 0.0195650632039081
216.610450744629 0.00978715642236276 216.610450744629 0.00950761316223328 214.672950744629 0.00357090503388256 214.672950744629 0.0208420504864592
215.639198303223 0.0099606667341771 215.639198303223 0.00981629591707434 213.623649597168 0.00353437765197952 213.623649597168 0.0215478180193431
214.650901794434 0.00991714719556698 214.650901794434 0.00905836732047969 212.598251342773 0.00352476291388221 212.598251342773 0.0201409833745799
213.667900085449 0.0101829773589587 213.667900085449 0.00933161014414696 211.658699035645 0.00344078660423295 211.658699035645 0.0197187993893287
212.631202697754 0.0101831631014494 212.631202697754 0.0100801997592002 210.633201599121 0.00340627784637148 210.633201599121 0.0206818460766727
211.643905639648 0.0100894260298786 211.643905639648 0.0100212871694535 209.649047851563 0.0033240551468307 209.649047851563 0.0210741436836012
210.663848876953 0.0101701978434219 210.663848876953 0.0103708798827642 208.667449951172 0.00323354133186964 208.667449951172 0.0192155231978193
209.643455505371 0.0104318127250536 209.643455505371 0.0102806929986493 207.621696472168 0.00326497454808954 207.621696472168 0.0193239025160885
208.665397644043 0.0104316719479459 208.665397644043 0.0102650169683892 206.637596130371 0.00296489352089743 206.637596130371 0.0192736893105523
207.622299194336 0.010323729672392 207.622299194336 0.0106121193763928 205.662155151367 0.0031764515719471 205.662155151367 0.0171722574860446
206.642700195313 0.0104138083043773 206.642700195313 0.0105885426135689 204.626449584961 0.00333569953450483 204.626449584961 0.017457466499403
205.651847839355 0.0105783322273234 205.651847839355 0.0104914511969821 203.639549255371 0.00293302375033269 203.639549255371 0.0179574304369337
204.672744750977 0.0106108938908329 204.672744750977 0.0106084489264048 202.626502990723 0.00295417010999575 202.626502990723 0.018088560527244
203.641647338867 0.0106026873601973 203.641647338867 0.0105348236063021 201.654396057129 0.00283722858854105 201.654396057129 0.0177216216506107
202.651000976563 0.010665452746553 202.651000976563 0.0106301795107457 200.663352966309 0.00271247786369971 200.663352966309 0.0158295973452621
201.669052124023 0.010841900633741 201.669052124023 0.0109179355221206 199.683547973633 0.00308523355839853 199.683547973633 0.0139829540308266
200.661354064941 0.0109687831763161 200.661354064941 0.0108066807659715 198.64134979248 0.00317476523724857 198.64134979248 0.0149259307514671
199.679000854492 0.0108021001884265 199.679000854492 0.0108069044045705 197.657852172852 0.00308801914835625 197.657852172852 0.0147633402323524
198.670448303223 0.0109716726072394 198.670448303223 0.0110106844609073 196.645248413086 0.00343929258298966 196.645248413086 0.0149433179452108
197.644645690918 0.0111705739851309 197.644645690918 0.0109543722917868 195.678100585938 0.00335648483864484 195.678100585938 0.0150021710257391
196.65650177002 0.0108713877469357 196.65650177002 0.0107489985479351 194.634048461914 0.00297302838255523 194.634048461914 0.014312065700082
195.661354064941 0.0108082298706778 195.661354064941 0.0107627357018847 193.655303955078 0.00316028839267401 193.655303955078 0.0151100576298323
194.630851745605 0.0110068102328862 194.630851745605 0.0110497258018972 192.620704650879 0.00333796411980569 192.620704650879 0.0143218090441339
193.680397033691 0.0112494240616018 193.680397033691 0.0112519467901002 191.632545471191 0.00322828926630947 191.632545471191 0.0114070430646444
192.679496765137 0.0115273808858326 192.679496765137 0.0114095958855755 190.669456481934 0.0032171238816737 190.669456481934 0.0107057372957669
191.646148681641 0.0114247595506351 191.646148681641 0.0114806950770591 189.634948730469 0.00320795270246861 189.634948730469 0.0110778032390502
190.63005065918 0.0112855530239132 190.63005065918 0.0111798119844417 188.664505004883 0.00328040596475758 188.664505004883 0.0110673136304985
189.640747070313 0.0113309937360716 189.640747070313 0.0110056236550148 187.634201049805 0.00334928799244949 187.634201049805 0.0113516714145915
188.654151916504 0.0113159108470332 188.654151916504 0.0114120589579824 186.655601501465 0.00329659912667019 186.655601501465 0.00983555520085121
187.673500061035 0.0114135127788128 187.673500061035 0.0116355638678565 185.680595397949 0.00317979007685177 185.680595397949 0.00960183803066937
186.661804199219 0.0116764591182629 186.661804199219 0.0115678229358084 184.628196716309 0.00293902527294399 184.628196716309 0.00944899580555059
185.677101135254 0.0116268556123289 185.677101135254 0.0114336092786238 183.662651062012 0.00306759196892188 183.662651062012 0.00923794272888131
184.633750915527 0.0114536899134122 184.633750915527 0.0114295419776194 182.63304901123 0.00340108863442023 182.63304901123 0.0104021376079441
183.657997131348 0.0116528444690039 183.657997131348 0.0115816388928837 181.634696960449 0.0033759922395899 181.634696960449 0.00905941219618797
182.618698120117 0.0116737183459983 182.618698120117 0.011571284836886 180.630401611328 0.00323573183353997 180.630401611328 0.00757081326419405
181.638999938965 0.0115925002943975 181.638999938965 0.0114444636323456 179.644348144531 0.00314559498415504 179.644348144531 0.00728291803529664
180.663352966309 0.0118779803816475 180.663352966309 0.0113426606299136 178.660743713379 0.00314519276949689 178.660743713379 0.00802254849870656
179.621604919434 0.0119291071900165 179.621604919434 0.011607305596421 177.671051025391 0.00324144686735284 177.671051025391 0.00888794311621754
178.655403137207 0.0118151104170838 178.655403137207 0.0118405317336409 176.629447937012 0.00314683394458052 176.629447937012 0.00750539931067976
177.66089630127 0.0120142139073216 177.66089630127 0.0119001083616101 175.662246704102 0.00314965172204258 175.662246704102 0.00728486941293992
176.623001098633 0.0122018297390481 176.623001098633 0.0118573728217813 174.689155578613 0.00315466539740306 174.689155578613 0.00701923423171381
175.641502380371 0.0119518932914615 175.641502380371 0.0117538863290521 173.639945983887 0.0032754298179381 173.639945983887 0.00583678283191565
174.643951416016 0.0119376214344455 174.643951416016 0.0110587921785387 172.670547485352 0.0032992963818102 172.670547485352 0.0055843597975916
173.676902770996 0.0120045370190038 173.676902770996 0.011132937322755 171.63005065918 0.00330574017077536 171.63005065918 0.00524418790244653
172.625854492188 0.0120569121814583 172.625854492188 0.0120203757964478 170.644798278809 0.00329142356696075 170.644798278809 0.00528726182142905
171.661949157715 0.0122124446269777 171.661949157715 0.012133057920517 169.676048278809 0.00316867628765345 169.676048278809 0.00604281945483182
170.631301879883 0.0122254736259512 170.631301879883 0.012006391223323 168.655395507813 0.00325803059967963 168.655395507813 0.00552236880128711
169.640602111816 0.012273270171443 169.640602111816 0.0120678931152073 167.614845275879 0.00338744177157393 167.614845275879 0.00668017302012796
168.664253234863 0.0120550782409197 168.664253234863 0.011997091700465 166.646453857422 0.00353057750913026 166.646453857422 0.00666683586527783
167.631546020508 0.0122268642234003 167.631546020508 0.0120535580004598 165.643699645996 0.00334954979270964 165.643699645996 0.00468686678348062
166.663749694824 0.0124773831712239 166.663749694824 0.012394791581925 164.674247741699 0.00333654616967482 164.674247741699 0.00389922203259715
165.66429901123 0.0126686220544397 165.66429901123 0.0126627985796832 163.646347045898 0.00347535739345107 163.646347045898 0.0023089670214273
164.56664276123 0.0128187965449271 164.56664276123 0.0126497930031311 162.668296813965 0.00336761404353456 162.668296813965 0.00232474768912408
163.648254394531 0.0126335119344422 163.648254394531 0.0121739874239316 161.626800537109 0.00335563997777707 161.626800537109 0.00161993910771284
162.662254333496 0.0123789396203814 162.662254333496 0.0123776338015386 160.652351379395 0.00314660947574544 160.652351379395 0.00146575882031623
161.63939666748 0.0125355414291395 161.63939666748 0.0125583811576328 159.661148071289 0.00365707532409147 159.661148071289 0.00329161155432038
160.672348022461 0.0127873319773939 160.672348022461 0.012518707373003 158.633651733398 0.00412552666227692 158.633651733398 0.00343285620651395
159.661849975586 0.0127168652691635 159.661849975586 0.0126600289399264 157.636451721191 0.00360542320358514 157.636451721191 0.00300042375712498
158.686599731445 0.0127251489696168 158.686599731445 0.0125678234724391 156.656997680664 0.00309223050032978 156.656997680664 0.00309973995494736
157.639602661133 0.012832894626288 157.639602661133 0.012622366371792 155.682205200195 0.00273100011723266 155.682205200195 0.00289400136372758
156.661201477051 0.0130411410709883 156.661201477051 0.0128586438641137 154.632049560547 0.00259599830595564 154.632049560547 0.00253442491336277
155.65584564209 0.0130043978916123 155.65584564209 0.0127655712911655 153.65079498291 0.00296920931146753 153.65079498291 0.00274543875182311
154.660652160645 0.0130233880962803 154.660652160645 0.0127765909217599 152.620651245117 0.00357692474621477 152.620651245117 7.08157502049261E-4
153.610748291016 0.0130851586460034 153.610748291016 0.0128376357702176 151.66960144043 0.00378975344848958 151.66960144043 -0.00155716868578243
152.636848449707 0.0129873770512651 152.636848449707 0.0127552973800844 150.597602844238 0.00398122731213244 150.597602844238 8.45028329826863E-4
151.66780090332 0.0128224021723898 151.66780090332 0.0127081433030765 149.662750244141 0.00378424539467682 149.662750244141 0.00178376571037473
150.649749755859 0.01311579239705 150.649749755859 0.0130768056312858 148.626647949219 0.00393301604130687 148.626647949219 8.03192177448007E-4
149.676750183105 0.013333798331428 149.676750183105 0.0132058109160141 147.628395080566 0.00396385026166994 147.628395080566 0.00382233588479359
148.64769744873 0.0129944679206636 148.64769744873 0.0129307411592719 146.664649963379 0.00346133262324706 146.664649963379 0.00405175555894513
147.66170501709 0.0128091313817408 147.66170501709 0.0129668155892579 145.617149353027 0.00359043487488367 145.617149353027 0.00135059809869536
146.677551269531 0.0126171028591505 146.677551269531 0.0129845808569812 144.633544921875 0.00373113147136164 144.633544921875 0.00170803464621922
145.638648986816 0.0126741168891927 145.638648986816 0.0130610036359715 143.648651123047 0.0041752971334539 143.648651123047 0.00225362436262765
144.659194946289 0.012547909451405 144.659194946289 0.0126912595671816 142.622398376465 0.00436934644642455 142.622398376465 7.19364617347142E-4
143.616348266602 0.0124822965139278 143.616348266602 0.0129220447068797 141.64469909668 0.00412521414022788 141.64469909668 -3.35873533830603E-4
142.636100769043 0.0130527451948943 142.636100769043 0.0133839416959681 140.670951843262 0.00386990357151861 140.670951843262 -3.34197784727689E-5
141.65665435791 0.0137198696836283 141.65665435791 0.013478699433952 139.634552001953 0.00371184966014166 139.634552001953 8.94424016101572E-4
140.63614654541 0.0136228647905825 140.63614654541 0.0135318487249835 138.659599304199 0.00385559714637305 138.659599304199 0.00114254283159552
139.658554077148 0.0133213496611779 139.658554077148 0.0133187195592206 137.627548217773 0.0038763555186397 137.627548217773 0.00163619869506534
138.646705627441 0.0133404454830882 138.646705627441 0.0133199988417075 136.6416015625 0.00393931158924387 136.6416015625 0.00245389316872924
137.6689453125 0.0134655524496745 137.6689453125 0.0133784030131816 135.613105773926 0.00404595096181349 135.613105773926 9.36783642804204E-4
136.663299560547 0.01372163692467 136.663299560547 0.0134739171029522 134.600845336914 0.00372069252130723 134.600845336914 -7.3447057585706E-4
135.663452148438 0.0136767112588242 135.663452148438 0.0136212015073134 133.64794921875 0.00358407822751076 133.64794921875 1.8553926384279E-4
134.62720489502 0.0136470800078587 134.62720489502 0.013610717613084 132.668251037598 0.00383597900004729 132.668251037598 0.00113736749824828
133.65845489502 0.013716167893365 133.65845489502 0.0134741857475472 131.636650085449 0.0039881564139718 131.636650085449 8.69585999276812E-4
132.638000488281 0.0139762216769392 132.638000488281 0.0136172258050059 130.646903991699 0.00396192265900323 130.646903991699 -2.12939999745734E-4
131.609550476074 0.0138033834918975 131.609550476074 0.0136589444187556 129.658500671387 0.00372731659864017 129.658500671387 -2.25694618479153E-4
130.622100830078 0.0136865826163114 130.622100830078 0.0137833351394376 128.621154785156 0.00386148355521915 128.621154785156 1.03167582190878E-5
129.643997192383 0.013707935776448 129.643997192383 0.0134876814942048 127.626098632813 0.00391421554082289 127.626098632813 1.98572597389173E-4
128.672744750977 0.0135499835249146 128.672744750977 0.0132394621680943 126.639400482178 0.00376059575191802 126.639400482178 0.00101952709029599
127.612998962402 0.0138938897528801 127.612998962402 0.0137241506757292 125.668399810791 0.00376677100845667 125.668399810791 7.27271420207587E-4
126.651149749756 0.0139313761074507 126.651149749756 0.0138230368223817 124.589450836182 0.00395774505549618 124.589450836182 7.48537455095499E-4
125.686748504639 0.0138336338765294 125.686748504639 0.0137077092792067 123.645900726318 0.00393542414061795 123.645900726318 9.4825874485579E-5
124.64529800415 0.0139050245014271 124.64529800415 0.0138118049654793 122.662403106689 0.00383628057047862 122.662403106689 -0.00102660262504516
123.666549682617 0.0142016727833543 123.666549682617 0.0140554907390134 121.626499176025 0.00377545706878046 121.626499176025 -0.00103393689485587
122.629348754883 0.0141280192995141 122.629348754883 0.0141069148314253 120.637050628662 0.00373096904727183 120.637050628662 2.0751109340958E-4
121.636798858643 0.0140058520978286 121.636798858643 0.0138882006292586 119.67809677124 0.00419660976975896 119.67809677124 -1.45630978014318E-4
120.660701751709 0.0141268044383757 120.660701751709 0.0138537078569404 118.604751586914 0.00416139283455791 118.604751586914 -0.0011234662471966
119.673648834229 0.0139980483290955 119.673648834229 0.0139513388597404 117.631401062012 0.00389468533172522 117.631401062012 -3.08584561035989E-4
118.63765335083 0.014185215873687 118.63765335083 0.0140519646206065 116.623302459717 0.00395637103941122 116.623302459717 -4.43915598963974E-4
117.657901763916 0.0143087054113066 117.657901763916 0.0140595245338843 115.652297973633 0.00415145464746317 115.652297973633 -9.4503121737241E-4
116.673000335693 0.0141719569123297 116.673000335693 0.0140084006215884 114.639949798584 0.00427517528074284 114.639949798584 -0.00133984436222431
115.626449584961 0.0144227711477896 115.626449584961 0.0141480296164108 113.664749145508 0.00419541102430361 113.664749145508 -0.00126454349301794
114.653049468994 0.0143712384202164 114.653049468994 0.0141239498487729 112.636199951172 0.0043348893693848 112.636199951172 -4.98817718536722E-4
113.668197631836 0.0142391127101125 113.668197631836 0.0141047188415907 111.641700744629 0.00426925640176021 111.641700744629 -5.39856097761197E-4
112.631500244141 0.0144467509489303 112.631500244141 0.0143318867330366 110.665351867676 0.00410733953967803 110.665351867676 -4.78814267311028E-4
111.651447296143 0.0142054471682618 111.651447296143 0.0142518980001483 109.614749908447 0.00410145032929096 109.614749908447 1.99140123111886E-4
110.669700622559 0.0141889931925473 110.669700622559 0.0140649864579519 108.636199951172 0.00421227354069727 108.636199951172 5.2072581861216E-4
109.630447387695 0.0142857127447208 109.630447387695 0.0141539187414297 107.606201171875 0.00432711688771698 107.606201171875 -0.00136026675216166
108.633350372314 0.0143942390450254 108.633350372314 0.0142801335776696 106.627799987793 0.0041789900655464 106.627799987793 -0.00245251826153149
107.668949127197 0.0144737254119708 107.668949127197 0.0142672984648322 105.663497924805 0.00404506724118806 105.663497924805 -0.00140332004861646
106.624450683594 0.0143686378999324 106.624450683594 0.0142413339267171 104.629150390625 0.00419325521862213 104.629150390625 -0.00175249307739333
105.633850097656 0.0141363180140591 105.633850097656 0.0140338982213041 103.637901306152 0.0042534183400175 103.637901306152 -0.00163293861068126
104.661949157715 0.014280658818895 104.661949157715 0.0140214464254231 102.632049560547 0.00418184508521524 102.632049560547 -0.00123607120915822
103.684600830078 0.0145424823308263 103.684600830078 0.014292997548272 101.656497955322 0.00412252877431892 101.656497955322 -0.00111677223091371
102.648853302002 0.0144750685256837 102.648853302002 0.0145737005473977 100.686248779297 0.00403610349620143 100.686248779297 -0.0010610735572897
101.666149139404 0.0145737449804568 101.666149139404 0.0147182010956626 99.6498985290527 0.00406375118111345 99.6498985290527 -0.00150641366163069
100.638999938965 0.0143498608603043 100.638999938965 0.0142279898078242 98.6613006591797 0.00408118265791681 98.6613006591797 -8.09313332700723E-4
99.6475524902344 0.0144118922244588 99.6475524902344 0.0143097732927143 97.6623497009277 0.00420431541167141 97.6623497009277 -5.81600190868624E-4
98.6612968444824 0.0145564768732422 98.6612968444824 0.0143861143196791 96.6361503601074 0.00435337908422569 96.6361503601074 -0.00163095839468396
97.6119995117188 0.0143918343544691 97.6119995117188 0.0144922406390948 95.6339988708496 0.0042634553536366 95.6339988708496 -0.00184953836605346
96.6564979553223 0.0145460892426077 96.6564979553223 0.014671371963194 94.6582984924316 0.00429749838440667 94.6582984924316 -0.00135396904163609
95.654899597168 0.0147642055975349 95.654899597168 0.0146008893262037 93.6473503112793 0.00461206461028342 93.6473503112793 -0.00161626688127641
94.6634483337402 0.014658869989331 94.6634483337402 0.0145989401778911 92.6398010253906 0.00471847890421985 92.6398010253906 -0.00156163601157419
93.5820007324219 0.0154561201640375 93.5820007324219 0.0153531160163184 91.6397514343262 0.00467960452504036 91.6397514343262 -0.00112491712241386
92.6570510864258 0.0161023505417607 92.6570510864258 0.0159709587977398 90.6002006530762 0.00491765902550524 90.6002006530762 -0.00125956153430001
91.6118507385254 0.0164494541016009 91.6118507385254 0.016342027647531 89.6585998535156 0.00503032873837584 89.6585998535156 -0.00155085082970665
90.6529502868652 0.017104330317594 90.6529502868652 0.0171997765998005 88.6338005065918 0.00526351489060092 88.6338005065918 -0.00171482826913887
89.6406478881836 0.0173432202451467 89.6406478881836 0.0174417007707659 87.6470985412598 0.00539541231219717 87.6470985412598 -0.00192755904421805
88.6568984985352 0.0174810679829085 88.6568984985352 0.0173688361258139 86.6421012878418 0.00488205857245071 86.6421012878418 -0.00213596602511998
87.6232490539551 0.0167036045814681 87.6232490539551 0.0167056442155563 85.6490516662598 0.00451321859507265 85.6490516662598 -0.00197892246053782
86.6096000671387 0.0160415899305191 86.6096000671387 0.0161095052760705 84.6535034179688 0.00462983618026138 84.6535034179688 -0.00171321935674961
85.6725997924805 0.0158863941539777 85.6725997924805 0.0157105902064886 83.6632499694824 0.00443173520003787 83.6632499694824 -0.00187826704546899
84.6640968322754 0.0152047363589912 84.6640968322754 0.015539349362394 82.6299018859863 0.00393974015506276 82.6299018859863 -0.00231709558833179
83.620002746582 0.0147539059173395 83.620002746582 0.0152843796409368 81.6470985412598 0.00376324836099237 81.6470985412598 -0.00216234669112473
82.649299621582 0.0145276819243042 82.649299621582 0.0145181904930068 80.6459007263184 0.00354442157511559 80.6459007263184 -0.00277102819832581
81.5952529907227 0.0142623791269231 81.5952529907227 0.014377100368459 79.667552947998 0.0037788088380259 79.667552947998 -0.00400591953120141
80.6754989624023 0.014211657104915 80.6754989624023 0.0146408556046243 78.7040977478027 0.00384023800191977 78.7040977478027 -0.00392328628364
79.6450996398926 0.0136922758837936 79.6450996398926 0.0140391090326551 77.5019989013672 0.00393016877693672 77.5019989013672 -0.00576768892542266
78.665901184082 0.0130445277761357 78.665901184082 0.0130705734754491 76.7342491149902 0.00428464586758209 76.7342491149902 -0.00844228218617645
77.6331024169922 0.0127094721023877 77.6331024169922 0.0129823371241613 75.6166496276855 0.00407082250269936 75.6166496276855 -0.00865946283247196
76.6758995056152 0.0132055638288891 76.6758995056152 0.0134064424175835 74.6240501403809 0.0040187169951356 74.6240501403809 -0.00555549185977022
75.637451171875 0.0140632050242106 75.637451171875 0.0141460191085617 73.6404495239258 0.00383183646132104 73.6404495239258 -0.00245983454059013
74.6404495239258 0.0138469797117356 74.6404495239258 0.0141903667362637 72.6668472290039 0.00369133279352403 72.6668472290039 -0.00179304295292015
73.6380500793457 0.0131908320993937 73.6380500793457 0.013755232420133 71.6161994934082 0.00370335904332691 71.6161994934082 -0.00157042968267723
72.6601028442383 0.0131796728428701 72.6601028442383 0.0138106286290463 70.6585464477539 0.00357742721923839 70.6585464477539 -0.00186410646062965
71.6143493652344 0.0131515802920745 71.6143493652344 0.0136203869801274 69.6491470336914 0.00326311379297857 69.6491470336914 -0.00209253608607215
70.6559524536133 0.0131528327978235 70.6559524536133 0.0134160850504865 68.6027488708496 0.00314080797370474 68.6027488708496 -0.00236706310294627
69.6126518249512 0.0131682470345721 69.6126518249512 0.0134321852023106 67.6595993041992 0.00323860699432608 67.6595993041992 -0.00248772752106951
68.6338005065918 0.0127711097752854 68.6338005065918 0.0134142450139168 66.5385513305664 0.00364580927893103 66.5385513305664 -0.00251588361705751
67.6558990478516 0.0124180615574694 67.6558990478516 0.0131139306311862 65.6812477111816 0.0038552614682261 65.6812477111816 -0.00241549117148676
66.6179008483887 0.0125126576150917 66.6179008483887 0.0131753835726117 64.6384010314941 0.00329944785419827 64.6384010314941 -0.00228950161729912
65.6397476196289 0.0124547121508028 65.6397476196289 0.0131340996153376 63.6403999328613 0.00318172811292691 63.6403999328613 -0.00255745329382403
64.6239013671875 0.012208194919724 64.6239013671875 0.0128892584350971 62.6503505706787 0.00316295347775001 62.6503505706787 -0.00240048265949883
63.6633491516113 0.0119420094504425 63.6633491516113 0.0125984683751198 61.6842994689941 0.00284662985235912 61.6842994689941 -0.00244185112765536
62.5958499908447 0.0119241087698963 62.5958499908447 0.0124793281311442 60.6494007110596 0.00286022442091492 60.6494007110596 -0.00303532162739187
61.6734504699707 0.0119507735877219 61.6734504699707 0.0125951086557574 59.6652507781982 0.00294314444389868 59.6652507781982 -0.00252410207597968
60.6760997772217 0.0116820654401684 60.6760997772217 0.0124735172676098 58.6319007873535 0.00295599213851461 58.6319007873535 -0.00228157955568552
59.6330013275146 0.0116153256536017 59.6330013275146 0.0122247028494529 57.6640491485596 0.00292857232727261 57.6640491485596 -0.00324842214677874
58.6287498474121 0.0115257060629101 58.6287498474121 0.0121118927599459 56.5559997558594 0.0027529965662475 56.5559997558594 -0.00334471544765033
57.6422004699707 0.0113887217796287 57.6422004699707 0.0121308798358309 55.6368999481201 0.00294332341638553 55.6368999481201 -0.00257994087034792
56.6490001678467 0.0111324742364036 56.6490001678467 0.0121665799479402 54.6636505126953 0.00294184434773776 54.6636505126953 -6.2097917140854E-4
55.614351272583 0.0109344298516175 55.614351272583 0.0117854092325723 53.6569499969482 0.0025013303377885 53.6569499969482 -0.00113272936645191
54.6433506011963 0.0108246358605378 54.6433506011963 0.011604596366563 52.6054992675781 0.00232341253940019 52.6054992675781 -0.00334807078755021
53.6019992828369 0.0108208181324757 53.6019992828369 0.0116402971527554 51.6228485107422 0.00231080367114254 51.6228485107422 -0.00315991495210069
52.6588497161865 0.0105002403999294 52.6588497161865 0.0114455468814956 50.6665496826172 0.00214061752408228 50.6665496826172 -0.00306931604126845
51.6093502044678 0.0100426974135242 51.6093502044678 0.0113831995141106 49.6179008483887 0.00187535700136721 49.6179008483887 -0.00313919095134642
50.6236000061035 0.0102200369221136 50.6236000061035 0.0110924836349127 48.6578998565674 0.0019476628556445 48.6578998565674 -0.00336598914416856
49.6436500549316 0.0100940014424476 49.6436500549316 0.0109506994956205 47.6286487579346 0.0019558588287599 47.6286487579346 -0.00327002071650744
48.630350112915 0.00961041140512378 48.630350112915 0.0109175090860721 46.6709499359131 0.00146289734632588 46.6709499359131 -0.00314801940508413
47.6450500488281 0.0108565724572778 47.6450500488281 0.010794853108484 45.632999420166 0.00141119162925997 45.632999420166 -0.00424373098057658
46.6609992980957 0.0115197354745844 46.6609992980957 0.0105967690001004 44.6530494689941 0.0016237858825003 44.6530494689941 -0.00446872230298008
45.6360492706299 0.00996384468799622 45.6360492706299 0.0103368425269324 43.6113510131836 0.00187299557475818 43.6113510131836 -0.0028149054996106
44.6447982788086 0.00887096908281563 44.6447982788086 0.00964963302098058 42.649299621582 0.00167419655129938 42.649299621582 -0.00282840950349284
43.6578998565674 0.00855795867391379 43.6578998565674 0.00946830452233368 41.6632995605469 0.00122588880757744 41.6632995605469 -0.00426666364925321
42.6541996002197 0.00846151955942925 42.6541996002197 0.00984218070677772 40.6188507080078 0.00121406085393063 40.6188507080078 -0.00435473457657291
41.6159496307373 0.00830275033892175 41.6159496307373 0.00967145893571149 39.6853504180908 9.58206554565931E-4 39.6853504180908 -0.00406427966802741
40.6189994812012 0.00803951235486244 40.6189994812012 0.00935928778307425 38.6514511108398 9.02451589950679E-4 38.6514511108398 -0.00412981126782603
39.6468505859375 0.00790288212036829 39.6468505859375 0.00914868259801814 37.6802501678467 5.419105139663E-4 37.6802501678467 -0.0046205417714634
38.6072998046875 0.00759687708339718 38.6072998046875 0.0088041741581857 36.6366004943848 2.55022566165927E-4 36.6366004943848 -0.00464451124372182
37.6367492675781 0.00719425021069383 37.6367492675781 0.0084677984424982 35.667350769043 3.53255710728191E-4 35.667350769043 -0.00450777533011262
36.6007499694824 0.00708879399374205 36.6007499694824 0.00844521619461842 34.6458988189697 8.47832031527121E-4 34.6458988189697 -0.00434186155258367
35.6309509277344 0.00694000107664312 35.6309509277344 0.00810438463021362 33.6539497375488 8.25855603248358E-4 33.6539497375488 -0.0044170205379568
34.6325511932373 0.00660097657766093 34.6325511932373 0.00785669744123273 32.6690502166748 1.53116160991785E-4 32.6690502166748 -0.00497815558778629
33.6470489501953 0.0063489663037254 33.6470489501953 0.0078453264647446 31.6287994384766 -4.50194556816339E-5 31.6287994384766 -0.00501931357667944
32.6620502471924 0.00621765234235559 32.6620502471924 0.00736909381540092 30.6359996795654 -3.31186521994057E-4 30.6359996795654 -0.00496533482439444
31.656849861145 0.0059580338885265 31.656849861145 0.00698957910566818 29.6405000686646 -6.34831773778768E-4 29.6405000686646 -0.00552972160625339
30.6593503952026 0.00564556147857476 30.6593503952026 0.00681163750126314 28.6141500473022 -7.7380696746097E-4 28.6141500473022 -0.00569697761184921
29.6489000320435 0.00541791725555559 29.6489000320435 0.00670417665544784 27.6310005187988 -9.46786030303736E-4 27.6310005187988 -0.00547174739402666
28.6823501586914 0.00515340538860121 28.6823501586914 0.00652993492037786 26.5811500549316 -0.00113261377126459 26.5811500549316 -0.00577189241055428
27.6536493301392 0.00491554993222249 27.6536493301392 0.00608832357039311 25.6265497207642 -0.00160488646262092 25.6265497207642 -0.00634579145946762
26.6707000732422 0.00465876766824218 26.6707000732422 0.005671187377132 24.6342000961304 -0.00178390118682224 24.6342000961304 -0.00642018555045762
25.5880002975464 0.00439896592271764 25.5880002975464 0.00552582636781019 23.6274499893188 -0.00170006475831854 23.6274499893188 -0.00618242431344872
24.6916494369507 0.00416133679324367 24.6916494369507 0.00532058305997693 22.6512002944946 -0.00170032495730928 22.6512002944946 -0.00606487912879192
23.6349506378174 0.00389337541217163 23.6349506378174 0.00508830672067466 21.6185493469238 -0.00199178488962015 21.6185493469238 -0.00609645479951634
22.6546001434326 0.00362901313838496 22.6546001434326 0.00476592344753481 20.6174993515015 -0.0024085483407725 20.6174993515015 -0.0066603130355457
21.5958995819092 0.00344518890309968 21.5958995819092 0.00432462315075007 19.6237001419067 -0.00274249446032182 19.6237001419067 -0.00714835842792254
20.6533002853394 0.00324909853569102 20.6533002853394 0.00380381263534796 18.648099899292 -0.0031632435721874 18.648099899292 -0.00742313184813312
19.5823497772217 0.00292879044604746 19.5823497772217 0.00353667409479989 17.6781997680664 -0.00311987764525478 17.6781997680664 -0.00716213454522771
18.6253499984741 0.00270114719396869 18.6253499984741 0.00341056349230924 16.6238498687744 -0.00333957822874347 16.6238498687744 -0.00732125905419974
17.6718502044678 0.00249473115023124 17.6718502044678 0.00313945593104975 15.644100189209 -0.00378593012610509 15.644100189209 -0.00818462083608346
16.6900997161865 0.00224353856053595 16.6900997161865 0.00283398046819627 14.6253499984741 -0.00397397450918804 14.6253499984741 -0.00820276241290513
15.6450500488281 0.00201390897014099 15.6450500488281 0.00242171478280386 13.6306500434875 -0.00412802839923847 13.6306500434875 -0.00819550983597749
14.664400100708 0.00177409179010252 14.664400100708 0.00216670450533629 12.6090002059937 -0.00453834668199608 12.6090002059937 -0.00852392219580054
13.6449499130249 0.00153715814039288 13.6449499130249 0.00176626849395487 11.6315002441406 -0.00502060667162109 11.6315002441406 -0.00916062472813718
12.6400499343872 0.00131227199047106 12.6400499343872 0.00137758448534237 10.6654000282288 -0.00559667012615398 10.6654000282288 -0.00996761069370164
11.6312999725342 0.00109673674312265 11.6312999725342 0.0014831237588362 9.94780015945435 -0.00597035316257001 9.94780015945435 -0.010066209675505
10.667299747467 9.23858947671546E-4 10.667299747467 0.00131497557645974    
9.95135021209717 8.63375858748114E-4 9.95135021209717 9.02218181712425E-4    
