5.013177 9924.65092012213 5.013177 12295.487474487
4.868285 10851.8432069554 4.868285 10855.1232175742
4.72261169722968 10897.8072073199 4.723055 10424.8310849653
4.577488 11312.466287544 4.577488 10169.0367724842
4.432146 10408.1962824504 4.4369433242139 10748.6965842576
4.286692 10740.2129413876 4.286692 10987.3882270048
4.141238 10711.2200205268 4.14135 11950.9398219822
3.995782 10799.921771104 3.995782 11272.968759613
3.850441 10402.5381053467 3.85158604453741 11228.2094752443
3.704761 10250.2415631378 3.704761 10551.8953083372
3.559644 10753.102515712 3.559644 10707.3714406545
3.413964 11140.126427067 3.42103882385719 10698.560439705
3.268735 11054.2347103763 3.26622876486091 11193.797113773
3.123224 10402.3594860812 3.11492383927586 11029.9459234298
2.978051 9504.18431688472 2.98056039184513 10751.9213207388
2.832652 8913.75866736899 2.832652 10789.1046361951
2.68731 8915.33763748005 2.687366 10928.5209321103
2.541855 8713.37027201977 2.541912 11157.3002752939
2.39657 8651.45670984286 2.39657 10749.1465384016
2.251115 7989.61777748752 2.250777 11132.0289619853
2.10438928715196 7900.52070237839 2.1107774986754 10850.7332242426
2.00606637935647 7321.5179899903 2.004697 10867.5086644984
1.94385075408474 7048.1096302145 1.941082 10660.0363904738
1.87524691728958 6931.97962021823 1.87996863885038 11000.4153973828
1.813233 6770.01344356965 1.813233 10782.0963730876
1.74928 7098.50191917597 1.74928 10897.4586040268
1.685384 6583.71821530034 1.685384 10505.388400834
1.621037 6473.02619092427 1.621375 10703.7528413837
1.557477 6260.13460572325 1.55916932104305 10653.2257826417
1.49362071584606 6520.22888425636 1.49362071584606 10733.032370713
1.429797 6184.27743463487 1.43307158053697 10661.1404693713
1.365844 5696.60997676369 1.3659 10809.4242423626
1.30558509839536 5493.35118553144 1.301914 10782.1702086911
1.23670351327309 5614.45203622261 1.241702983161 10893.352755297
1.17948735788927 5818.75372962519 1.174143 10738.1340006329
1.110135 5748.76956692737 1.110157 10584.3744323093
1.046171 5709.6204475078 1.046171 10304.6534237822
0.9823194 5537.42090326229 0.9823415 10252.8510218623
0.9183553 5330.34178146008 0.9184002 10350.4717361388
0.8544589 4881.29055982449 0.854436 10569.4514873528
0.7906296 4620.64576834481 0.7906296 10471.5293532373
0.7267104 4463.72088464915 0.7267104 10455.1193043815
0.661967821866029 4720.02950796691 0.665778782290826 10278.7243944144
0.5989512 4721.54508941864 0.5989625 10133.4902864731
0.5351671 4684.13966324558 0.537476447989306 9845.71047133621
0.4712819 4438.79738102508 0.4712819 9508.56001317979
0.453201770954616 4299.58284633669 0.4512467 9356.53514074547
0.4386586 4308.66893068452 0.4386586 9295.52136832856
0.4261381 4205.08965726808 0.4261381 9288.78418638474
0.41481250378263 4179.82718697065 0.412985074112583 9233.36116460987
0.4010632 4098.63084012028 0.4010744 9144.72939631187
0.3885088 4139.34101521464 0.3885201 9187.51408250522
0.375859872102879 4133.53686975685 0.375977 9096.91157232971
0.3634452 4041.43330749153 0.3634452 9025.12512680515
0.3509134 3998.01767405114 0.3509134 8801.51768829095
0.3383928 3869.12821016284 0.3383928 8807.31029046827
0.3258385 3854.71712962902 0.325015404306837 8797.50889629827
0.3133067 3879.53131117124 0.311994622855445 8867.1264982258
0.300449508706336 3900.79940385437 0.299767791492553 8912.90658843779
0.287170202451875 4032.33167519828 0.28849370023586 9013.28117106856
0.275822431652609 4078.0318698409 0.276305315516407 8903.57493965048
0.263246087421576 4172.33891758175 0.2631963 8705.16341886351
0.249746703007486 4123.44170517791 0.2506532 8504.83135454887
0.2381327 4030.24157751435 0.2381271 8567.1013386928
0.226487796901189 3936.58244577662 0.2255839 8586.87170729078
0.2130578 3831.74102265607 0.2130577 8646.03438639799
0.19896341666467 3724.70614343848 0.2005316 8651.02446344755
0.1879998 3548.86609045413 0.1879997 8581.75074794173
0.177181897828229 3354.48373623988 0.174323677509631 8496.85300699171
0.15939741584584 3196.35408635095 0.162255636164438 8357.38867820098
0.150393 3122.86087713891 0.150393 8354.52739262112
0.1504155 3130.79999731244 0.1504212 8316.71616453035
0.1428841 3147.4667569433 0.1428897 8274.82298566207
0.136055283243955 2996.62641278253 0.1353639 8139.96029045022
0.1278381 2927.11824884262 0.1278403 8191.07912505171
0.120176281473964 2766.19092360213 0.120346 8171.36323343717
0.1128178 2774.44618842349 0.1128246 8250.36181684559
0.1052875 2680.7247725574 0.1052943 8147.0923005041
0.09777971 2717.10719032143 0.0977842 8042.68835502865
0.09026056 2716.19883399899 0.09026506 8018.0966849257
0.08273928 2713.07737659299 0.08274378 7836.39503981216
0.07522242 2606.02499051515 0.07522692 7841.74749742664
0.0678065911586901 2501.77216099286 0.06770331 7843.03017437014
0.06018085 2476.64402156852 0.06018422 7901.08917487199
0.05265838 2431.89784015371 0.05266288 7952.34688966429
0.04513929 2336.87472409083 0.04514267 7818.88267458503
0.03762583 2191.33124882917 0.03762808 7758.60565155833
0.03009548 1995.10972912583 0.03009774 7595.55714605178
0.02257752 1775.723582602 0.02257977 7536.53027696711
0.01506518 1463.63313928235 0.01506968 7544.93342943099
0.007539341 1240.21858105209 0.00876420679109774 7406.49917551245
7.87457E-6 1027.99163888338 1.124939E-5 7234.69317464993
-0.007547215 705.288312885772 -0.007540465 7011.06121278094
-0.01507531 381.150163262567 -0.01506856 6959.08673536617
-0.0219757502076258 89.2553774654176 -0.02258089 6882.25640402132
-0.0295591757227294 -152.680884285818 -0.03009886 6530.22079969358
-0.0367363462995239 -414.294397080931 -0.0386999118346846 6216.6894611867
-0.0435072619380092 -703.817932492402 -0.042694752061391 5925.07430339575
-0.0510906874531128 -858.443025258147 -0.0519031973297311 5848.77612608561
-0.0582678580299073 -994.913385030678 -0.0618564433183046 5858.76841784318
-0.06771006 -1117.42409857209 -0.0670700483599383 5739.44801765777
-0.07523142 -1344.02237008491 -0.0770232943485118 5720.10761989612
-0.08274827 -1568.44166561543 -0.083387955048688 5670.34840606145
-0.0905651256254825 -1752.80493580099 -0.09026506 5867.66513390972
-0.0974037504203527 -1994.08473962059 -0.0974037504203527 5923.35677757099
-0.105325721717381 -2230.16147061387 -0.104987175935456 5987.64259350427
-0.112164346512251 -2450.19438306339 -0.112909147232484 5898.57230842992
-0.119341517089045 -2551.37267141094 -0.1203437 5848.17628861762
-0.126924942604149 -2650.74658610186 -0.1278471 5765.97394171955
-0.134508368119252 -2745.46883035672 -0.133289603304325 5680.09260514044
-0.141685538696047 -2718.3943425372 -0.14006051894281 5577.03847058747
-0.148050199396223 -2645.18535611901 -0.147643944457914 5430.31243352595
-0.152857549499548 -2566.94249350284 -0.155633624911327 5334.42055327183
-0.162810795488121 -2612.07966104425 -0.165248325117976 5235.20934574359
-0.177255956108957 -2621.14726747042 -0.1754848 5088.93713104709
-0.188198418006031 -2770.77030450832 -0.188011 4997.96952100047
-0.2005428 -2859.05142529409 -0.2005428 5114.76567082248
-0.210742526251811 -3020.72955383729 -0.209160483567897 5113.29298735371
-0.2255952 -3206.10135221683 -0.2255952 4978.68024954698
-0.240273989684879 -3401.3805722729 -0.239482968342922 4817.06566479839
-0.2506589 -3631.07218134545 -0.2506588 4779.30866052684
-0.2632075 -3716.68073522703 -0.2632075 4844.93628069985
-0.2757337 -3788.20601524359 -0.2757337 4766.23949356422
-0.2882487 -3695.44633890084 -0.2882655 4733.16706751305
-0.299336916551016 -3649.10098353417 -0.3007917 4776.99195246091
-0.3133179 -3725.13420223708 -0.3133124 4903.68044711416
-0.325861 -3890.53398994004 -0.3258553 4891.08077494492
-0.339679004990832 -3981.33076490146 -0.338096962306917 4772.36637122518
-0.3509359 -3981.52789860456 -0.352203509571821 4662.6542004842
-0.3634677 -4048.39201839506 -0.3634564 4509.20000017873
-0.376197823611188 -4154.56400175076 -0.3759883 4299.72185284926
-0.3885313 -4216.29690074312 -0.38793130685022 3884.80397142072
-0.4010856 -4122.06335667668 -0.402697038566754 3684.25105819766
-0.4136175 -4035.56421650082 -0.4136063 3509.79426123658
-0.425900331264165 -3998.90704964784 -0.428273395290036 3508.8416550966
-0.438424835845153 -4103.40136202533 -0.441457084322656 3389.31500661508
-0.4512242 -4290.66046071959 -0.4512129 3179.65629105484
-0.474152633123553 -4495.50064827285 -0.484963258130301 2883.38115661946
-0.5351896 -4581.65798118689 -0.5351896 2751.07990958299
-0.5993449 -4782.09409478685 -0.5993899 2709.63325236307
-0.6633764 -4846.01021709659 -0.6633989 2438.72019144877
-0.7273629 -5108.34336259075 -0.72483195503094 1599.55841730501
-0.7912371 -4884.05172854058 -0.802240100958721 769.256856931373
-0.8550435 -4750.35237485078 -0.854022695880493 -122.70670954003
-0.9189848 -4698.36837225798 -0.917915736388809 -875.511297575646
-0.9829489 -4627.49486140685 -0.972912220206238 -1784.63230030061
-1.046778 -4774.19437892166 -1.03758430122529 -2542.37729738653
-1.110742 -4364.54436467255 -1.09582528901052 -3090.40017290791
-1.174751 -4911.92072114596 -1.14644373442712 -3668.15998481105
-1.238715 -5385.68998697658 -1.22637427606048 -4365.69260857033
-1.302611 -5767.67074240736 -1.29033757789162 -5096.32830315322
-1.366688 -6116.0843145087 -1.35370309185518 -5936.07023317055
-1.430472 -6143.53290829375 -1.41706860581874 -6754.85939045351
-1.494313 -6171.35010296019 -1.4804341197823 -7474.43026621412
-1.558153 -6628.64380295153 -1.55097308815682 -8094.78286045237
-1.622049 -6772.50893232152 -1.62151205653135 -8414.09304111704
-1.686058 -7786.04118212778 -1.68129084328943 -8960.34272394826
-1.749955 -7864.72137212861 -1.74476684884937 -9213.77839884662
-1.813908 -7984.0539189714 -1.80406627206623 -9659.46538437186
-1.87786 -7988.72897385622 -1.87786 -9709.56680790548
-1.941757 -7834.13347172432 -1.93185235308287 -10066.7908764781
-2.005654 -7998.97898939473 -2.005654 -10217.1034315462
-2.104986 -6851.30223511953 -2.09852241004723 -10326.754962496
-2.250665 -6961.02032640112 -2.250665 -10565.0473297927
-2.396176 -6850.0923077792 -2.39612 -10785.1331614291
-2.541462 -8259.46228264654 -2.541462 -11492.8579521251
-2.68686 -9170.02806069554 -2.686916 -11773.5932226143
-2.832258 -9775.45227733085 -2.832258 -11117.5185625074
-2.977657 -9774.99127811917 -2.977657 -11053.8751596608
-3.12283 -9407.18412049755 -3.12963565367763 -10614.3728306143
-3.268453 -9772.10672249828 -3.268453 -11237.8213183933
-3.413964 -9399.9879856816 -3.41555390768829 -10977.9331561551
-3.559306 -9206.67739479738 -3.559194 -11257.8766727665
-3.704423 -8565.49424558701 -3.704423 -10598.1212480933
-3.849991 -9902.04155034476 -3.849991 -9821.11865437896
-3.995445 -9513.78211828982 -3.995445 -9556.25944058522
-4.1409 -9580.00930973841 -4.15664087641708 -9659.91274015845
-4.286242 -8638.49873503744 -4.28727594074953 -10138.8560708452
-4.431696 -10271.9394710164 -4.431809 -10330.8810667329
-4.577038 -10833.4375938561 -4.55840531955274 -10940.0803412331
-4.722605 -10205.9751041011 -4.71368850923095 -10901.2867711593
-4.867835 -8185.25123616719 -4.8541828237017 -9644.84575242009
-5.013289 -7172.81012697293 -5.013402 -7567.69813255911
