120000.1484375 -0.10714138702893 119998.453125 0.827412694286796 119022.9484375 1.88380794597705 119999.5859375 2.81075470923899 120001.1328125 3.73325195611604 120000.21875 4.5585584310641 120001.3515625 5.52056769361867 120000.078125 6.53573149942757
119036.9184375 -0.107896361210648 119092.0359375 0.82073535551873 117154.1053125 1.8846775476467 119059.8003125 2.81296672168498 119145.41125 3.73629696369855 119119.56375 4.5601996093251 119098.078125 5.52226595489014 119105.8828125 6.53693888361145
117163.065625 -0.107930376248818 117404.9453125 0.82094601736671 115324.9271875 1.88479504224406 117201.12 2.8154814276507 117298.0165625 3.73990308601609 117273.1553125 4.56487975967752 117397.5709375 5.52608408617278 117409.670625 6.53969312970124
115230.070625 -0.107536296504448 115592.7303125 0.82111202496716 113494.631875 1.88570235423428 115509.5153125 2.81780013233823 115484.2825 3.7431920738867 115583.238125 4.56957959486035 115563.576875 5.53047321609716 115594.328125 6.54280093228477
113395.1153125 -0.107349608890905 113835.086875 0.822441307454507 111684.4034375 1.88690036463735 113686.9215625 2.82090219293349 113651.21875 3.74687238826055 113827.838125 4.57453923863505 113877.1296875 5.5348854660295 113777.321875 6.54629809104553
111587.45875 -0.106996559993904 112164.368125 0.822521306408943 109879.6153125 1.88766936584201 112021.5284375 2.82301682621521 111998.65125 3.74989646139825 112008.9409375 4.57930895801307 112189.5159375 5.53871323478998 112121.049375 6.54916579736066
109906.384375 -0.106772246049383 110483.249375 0.822551107718181 108176.423125 1.88910743209233 110338.8334375 2.82520036342006 110162.4303125 3.75364189178674 110157.115625 4.58439840124855 110335.69375 5.54317444895202 110299.9653125 6.55207818493892
108136.1446875 -0.106336943038457 108833.1215625 0.822766668971995 106426.8984375 1.890845282368 108655.5040625 2.82720171929062 108386.88625 3.75680581758035 108393.3465625 4.58886976593432 108687.1196875 5.5470066535923 108459.8125 6.55545386615118
106320.9325 -0.105119222716896 107140.74 0.822981201895901 104746.880625 1.89191587741546 106900.82375 2.82923281879944 106585.8040625 3.75997314496809 106626.4721875 4.59304047356358 106864.1678125 5.55114307990184 106789.9446875 6.55819369790728
104502.8421875 -0.105084311701142 105454.420625 0.82342879163382 103074.3178125 1.89310153231533 105066.4046875 2.83129269910477 104898.16 3.763217440559 104799.0575 4.5980088383799 105170.6753125 5.55507112541779 104953.1703125 6.56135393862647
102694.8484375 -0.105081608720329 103814.0725 0.823541100021174 101374.5165625 1.89428715049127 103374.9528125 2.8334290491549 103076.5803125 3.76662858206634 102991.7421875 4.60286195165997 103410.91875 5.55939345756072 103289.80875 6.56411067452781
100848.0209375 -0.104448606349964 102009.625625 0.823688382325969 99678.814375 1.89490812115048 101706.288125 2.83588499291183 101273.67375 3.77002140807005 101137.45 4.607926289953 101679.8175 5.56349418872685 101456.558125 6.56747864912827
99065.0265625 -0.103547127159323 100203.11625 0.823722969317687 97845.3621875 1.89631034376575 99877.865625 2.83826756214911 99582.415625 3.77346596002797 99369.2859375 4.61274913415127 99863.666875 5.56765352952146 99722.6053125 6.57018397851442
97290.7559375 -0.103029108320673 98369.390625 0.823046348040318 96166.6028125 1.89741453852647 98108.2515625 2.84065119212189 97876.994375 3.77684811578012 97680.27 4.6174295940843 98163.888125 5.57134717613424 97886.0915625 6.57339177200036
95487.375625 -0.10264096754428 96684.9871875 0.823036165167867 94486.7790625 1.89850451352926 96302.219375 2.84309835808594 96196.025 3.7798321745997 95825.1965625 4.62261868589242 96483.3840625 5.57546354147182 96038.438125 6.57649247908057
93672.5165625 -0.102674020272563 94874.7978125 0.822984339450184 92629.28 1.89988176378408 94478.3871875 2.8454324513852 94450.466875 3.78322710488073 93960.3325 4.6277331295176 94799.355 5.5793307377016 94284.1903125 6.57939076850727
91866.7 -0.102157819290302 93209.1253125 0.82305380019781 90791.8840625 1.90155169885461 92809.8471875 2.8478804165239 92783.333125 3.78655485889637 92271.4890625 4.63227871568852 92991.0003125 5.58382415112699 92604.21875 6.58243706269211
90158.2634375 -0.102000704154417 91345.066875 0.823551098674408 88968.6525 1.90316344188888 90971.18125 2.85092950770621 90924.443125 3.78985168024797 90579.110625 4.63707114679415 91228.23125 5.58851206501277 90757.7803125 6.58576858848007
88400.775 -0.101726398472851 89540.394375 0.823422063629533 86838.8528125 1.90487185478272 89294.2809375 2.85323105037484 89294.6565625 3.79316320980269 88895.41 4.6417749308033 89410.61875 5.59299722312632 89083.7921875 6.5886501318409
86630.753125 -0.101343169817745 87865.5775 0.823493918462424 84857.9240625 1.90650448343615 87475.7059375 2.85603376638389 87485.2828125 3.79661958329454 87117.605 4.6465117805789 87572.2371875 5.59761815362385 87228.3103125 6.59194019916057
84914.795625 -0.101017367596999 86117.846875 0.823592742461507 83066.294375 1.90833230242156 85806.2384375 2.85827308069241 85675.8971875 3.80014518179196 85338.328125 4.65154865392265 85920.403125 5.60158976360164 85530.991875 6.59509194420413
83144.15375 -0.100792887135173 84265.04 0.8234097200345 81257.975625 1.90978437664831 83976.3659375 2.86082677512408 84006.2940625 3.80333579349989 83580.3971875 4.65659027808807 84110.676875 5.60604284220686 83781.4684375 6.59834911466224
81404.9975 -0.100892233819787 82480.8328125 0.823704285019835 79587.5565625 1.91135757202171 82201.9384375 2.86325946179151 82170.7453125 3.80692458593154 81878.715625 4.66125743954885 82286.8884375 5.61046032072863 81957.3865625 6.60151270158261
79616.1909375 -0.100960144098183 80796.273125 0.823254415979095 77751.963125 1.91303101179377 80519.0334375 2.86534056222836 80452.418125 3.81036209528408 80099.143125 4.66625668121325 80462.74 5.6151163209646 80258.2221875 6.6044921068489
77788.4265625 -0.100599441703823 78972.440625 0.82318498049492 75897.7625 1.91511053226249 78692.43625 2.86809897603756 78807.18875 3.81371737527775 78325.508125 4.67121886031055 78797.4534375 5.61928652069463 78490.365625 6.60769905136589
75940.595 -0.0989376345351694 77303.733125 0.822551179867095 74073.1940625 1.91707796571542 76943.8659375 2.87063881910448 76950.8015625 3.81743904536989 76639.848125 4.67599493089035 76972.5796875 5.62390326630881 76670.1815625 6.61102059274636
74080.3540625 -0.0982596207524874 75554.369375 0.822542641949483 72402.4575 1.91869358528663 75265.57125 2.87278180940161 75137.8015625 3.82043019023569 74787.654375 4.68142943369835 75266.86375 5.62795937840902 74928.6246875 6.61435916984408
72331.433125 -0.0984294421901234 73854.1725 0.822259915788475 70580.483125 1.92061740215469 73425.15 2.8752381945212 73394.9303125 3.82402163193944 72979.73125 4.6864987874184 73602.5871875 5.63243789037895 73097.304375 6.61801245429291
70647.416875 -0.0982932151052788 72199.36875 0.822355859248963 68811.925 1.92223989864168 71673.531875 2.87792040206327 71573.931875 3.82763804723142 71300.2246875 4.69141274417777 71764.159375 5.63683359519401 71425.8084375 6.62094188128914
68847.2334375 -0.0984537355306408 70387.694375 0.821962541343431 66972.36375 1.92411061690005 69989.436875 2.88044264155592 69900.8496875 3.83112432596656 69604.45875 4.6963750692326 70093.626875 5.64128476336406 69589.38625 6.62472743790044
66996.545 -0.0990386757082724 68720.2559375 0.821728450571428 65147.19515625 1.92637393193422 68139.485 2.88376763341725 68073.0965625 3.83487801743589 67735.79875 4.7018788429562 68264.3784375 5.64631556274503 67788.715 6.62819836275955
65172.48578125 -0.0989067300562466 66872.8765625 0.821524881170747 63463.824375 1.92862074322819 66379.9790625 2.88668620300577 66271.16578125 3.83888989780554 66084.44984375 4.70673629119929 66569.87 5.6508841493936 66010.4571875 6.63214833024595
63485.8734375 -0.0983484157723792 65188.50765625 0.821346191603903 61770.0746875 1.93098064497549 64712.17859375 2.8891787782486 64617.31421875 3.84231424047256 64233.81890625 4.71205468579081 64883.08828125 5.65535800806868 64197.3096875 6.63609953880923
61594.778125 -0.0981505136965944 63379.17921875 0.820880758902903 59994.7725 1.9339498662384 62894.49890625 2.89196142845338 62804.721875 3.84596926644353 62435.5609375 4.71747392189217 63195.57046875 5.65976976701194 62384.9096875 6.64032297134413
59705.69890625 -0.0980737354124522 61552.004375 0.820058760415731 58187.58421875 1.93637491986078 61085.12390625 2.89494834336693 60965.80671875 3.84983939924366 60601.9365625 4.72284656149292 61445.661875 5.66458360762456 60691.56703125 6.64395200267917
57946.06890625 -0.0974322985290702 59847.863125 0.819046691225195 56505.97984375 1.93886037088311 59276.0659375 2.89769828522918 59270.5259375 3.85303543932631 58764.93546875 4.72810085500404 59763.26453125 5.66853125987666 58821.76203125 6.64432068558272
56275.1609375 -0.0969950462389044 58015.64453125 0.817982923272312 54692.98953125 1.94121475629228 57451.903125 2.90083852584958 57518.34015625 3.85684541668807 57111.3775 4.7330227345244 58072.53890625 5.67296670662367 57039.84265625 6.64828378928336
54586.2590625 -0.0989822188841174 56176.53546875 0.817182971510389 52881.7659375 1.94393183507984 55764.0325 2.90369897974792 55705.11109375 3.86071189526538 55256.01890625 4.73849535365221 56266.9140625 5.67769770310262 55297.8546875 6.65175346691358
52807.1603125 -0.108276326040974 54517.54828125 0.816466831656923 51101.83890625 1.94690312965815 53981.53484375 2.90669344267126 53895.99578125 3.86459974688364 53580.079375 4.74370979484995 54531.83796875 5.68251358679979 53475.2440625 6.65552747348483
51025.5003125 -0.109646164584414 52668.6596875 0.81538622140394 49275.7596875 1.95000343898112 52212.76875 2.90927951649989 52072.9996875 3.86864842110396 51716.59625 4.7496712092845 52862.1984375 5.68714272880613 51780.89 6.6592788641896
49355.72453125 -0.109409355536331 50797.58453125 0.815062083685713 47585.0765625 1.95290703144893 50448.81921875 2.91220101204296 50384.8315625 3.87230548747899 49895.23078125 4.75519902438876 51169.46515625 5.69257523314154 49985.57453125 6.66302409680669
47621.74421875 -0.109060366382635 48985.56546875 0.813966517982889 45759.72 1.95602891315482 48780.78640625 2.91526695937515 48556.80265625 3.87641871685367 48082.6334375 4.76096558081148 49490.08078125 5.69716472517893 48149.4553125 6.66699166302792
45754.5303125 -0.104043012188796 47298.05484375 0.812970889958172 44013.36296875 1.9586966317096 47084.57234375 2.91841923476004 46902.809375 3.88025196677412 46395.21359375 4.76620257010809 47663.2853125 5.70228952232259 46383.1803125 6.67071948908087
43926.48703125 -0.099018440779003 45441.08328125 0.811699267992974 42183.7884375 1.96274010378949 45333.66234375 2.92184869287734 45074.9128125 3.88442978995974 44569.4465625 4.77182920331903 46006.4246875 5.70697602348341 44720.948125 6.67431612435337
42135.68671875 -0.0974337988508883 43594.0703125 0.810210152702261 40525.04203125 1.96603209853606 43667.37265625 2.92483578803871 43387.31 3.8883357675369 42881.99984375 4.77729288449669 44152.22828125 5.71209924756328 42894.59015625 6.67844730324079
40369.76953125 -0.095085393496898 41826.01328125 0.808929900405572 38881.4096875 1.96952380138137 41996.9671875 2.9281235252167 41572.74796875 3.89275113052281 41054.110625 4.78295124262325 42473.144375 5.71697360330981 41034.146875 6.68270669234348
38676.6078125 -0.0962248754285612 39961.33 0.807757489018201 37019.9184375 1.97454390292832 40169.69046875 2.93179174784967 39884.66375 3.89667164410895 39348.1915625 4.78869215119552 40758.12671875 5.72193849800101 39180.85234375 6.68675970515189
36676.8271875 -0.0976010766843524 38189.5284375 0.806352312085203 35220.0065625 1.97895545234086 38462.1590625 2.93551603209687 38195.97640625 3.90074627701912 37563.0490625 4.79468970423483 39068.783125 5.72700318885414 37476.69578125 6.69070195186418
34975.9740625 -0.0984989349050091 36446.208125 0.805291610145344 33376.76640625 1.98398264734405 36697.5821875 2.93950918806145 36338.604375 3.90562015312473 35770.80984375 4.80039559926539 37254.009375 5.73236274009501 35800.21828125 6.69456629376246
33315.12625 -0.0996096662499096 34685.659375 0.803877268347881 31627.701328125 1.9884250889322 34989.20265625 2.94352308649961 34550.91625 3.91015564054305 33999.753125 4.80634549380635 35570.21046875 5.73724490882874 33579.970859375 6.69979250120247
31468.68796875 -0.100883291909548 32839.299140625 0.802258048638661 29923.312890625 1.99370248060231 33233.24546875 2.94768670810152 32864.76875 3.91467907246905 32127.57078125 4.81269417229126 33887.73984375 5.74237804214885 31497.7865625 6.70493373820201
29595.146015625 -0.103695065576367 31145.01609375 0.800894200573709 28146.638515625 1.99932944396757 31560.965625 2.95193180033401 31175.339453125 3.91926343421046 30374.1290625 4.81869008454422 32154.2684375 5.74790151165363 29794.331171875 6.70899156591964
27794.38125 -0.10643601484124 29390.346796875 0.799192701105766 26472.623515625 2.00460774114731 29901.53546875 2.95629067668572 29504.30734375 3.92386843154273 28484.788046875 4.82587676306144 30491.31859375 5.75326198352728 27966.009375 6.71327648369426
26035.43859375 -0.109867838744777 27618.204453125 0.796863179082673 24781.26109375 2.01068605374415 28042.380390625 2.96142305184227 27627.622109375 3.92968497385093 26704.67921875 4.83245524056234 28674.056171875 5.7593339540613 26266.6578125 6.7174023193452
24341.2884375 -0.114802595990867 25780.589921875 0.795135784902262 23069.773203125 2.01721198348842 26269.28625 2.96693511006616 25852.806015625 3.93500941369145 24860.06078125 4.83934041503596 26970.467109375 5.76547549430398 24523.205 6.72193231364775
22605.562734375 -0.118876105479038 24107.2196875 0.793447441486341 21360.53921875 2.02411920451029 24590.737265625 2.97222947948549 24175.118515625 3.94060679789305 23129.87578125 4.84588084774046 25169.65515625 5.77158885829545 22678.50625 6.72711356934754
20807.099921875 -0.122710189745448 22267.38203125 0.791375878293537 19563.991484375 2.03173917795466 22728.306484375 2.97866943446455 22464.684609375 3.94651363855423 21421.623359375 4.85276357201847 23440.9215625 5.77762463393807 20973.680390625 6.73212777958021
18953.035546875 -0.0692024550862864 20521.1321875 0.789485573106514 17925.97640625 2.03956812494816 20955.804140625 2.98539412904821 20645.6203125 3.95312502198454 19630.383671875 4.86009256778229 21748.186484375 5.78395981726649 19261.183515625 6.73806262882203
17119.9082421875 -0.0631844986012062 18726.89765625 0.787396717110705 16096.1351953125 2.04881060308542 19106.352890625 2.9926420145753 18847.83953125 3.96032633904039 17764.573359375 4.86819740027967 20046.101015625 5.79008558469635 17565.5146875 6.74357237922048
15291.5055859375 -0.0710408471695812 16891.0845703125 0.785235137224933 14375.7871484375 2.05876761396255 17248.40796875 3.00117187245354 17170.732421875 3.96742359274797 15907.866953125 4.87713639567626 18347.423671875 5.79700732911775 15862.924609375 6.74951749939804
13311.578984375 -0.0810689608018848 15064.529453125 0.78328973462352 12586.2606640625 2.07048271545661 15445.3435546875 3.01056641503465 15497.706015625 3.97564256608935 14133.8775390625 4.8862711737014 16479.475625 5.80495130213279 14185.0818359375 6.75571469907266
11513.31453125 -0.091151467411869 13345.064453125 0.78081960166437 10803.17828125 2.0828156870562 13673.561796875 3.02080166909438 13789.55109375 3.98460018028918 12211.0805859375 4.89746600299875 14710.585390625 5.81317590136627 12340.121484375 6.76358629030532
9658.887265625 -0.105138220758966 11489.010546875 0.778483656376781 9022.053671875 2.09660979834121 11995.195234375 3.03294565012083 12058.3226171875 3.9954941559561 10405.6756640625 4.90921356263845 12872.06171875 5.82244953737831 10488.2346484375 6.77260356819911
7934.52943359375 -0.120090028809066 9804.29421875 0.775952027144453 7170.555546875 2.11277985082515 10294.4903515625 3.04651096774708 10264.89375 4.00816481059085 8672.4925390625 4.9225836431399 11163.0305859375 5.83205447790925 8718.04357421875 6.78278716553484
6047.60546875 -0.139946205108254 8083.4950390625 0.773365481106668 5382.27892578125 2.12974550223602 8573.44322265625 3.06214442222417 8549.07033203125 4.02314845867082 6853.9787109375 4.9400687033754 9471.911796875 5.84321173316519 6856.55005859375 6.79587946767121
4239.48083007813 -0.164099192759013 6374.51990234375 0.771002331833749 3538.55688476563 2.15003550438072 6827.41775390625 3.08086589805336 6681.2423046875 4.04283225974817 5037.32689453125 4.9625545433347 7772.131171875 5.8567716058358 5006.96890625 6.813135391352
2352.983515625 -0.192997955801794 4617.9791015625 0.767584926569343 1713.33502685547 2.17210817469447 4945.73326171875 3.10588094785237 4942.991796875 4.06694847935019 3129.79412109375 4.99623522102698 6043.73298828125 5.87412066241286 3145.80490234375 6.83822524371707
640.329719390869 -0.224502801033741 2723.33777832031 0.764519565981243 -119.994000988007 2.19653014402593 3055.5943359375 3.1378038617968 3200.50303710937 4.09843774482005 1257.95075927734 5.04955000634019 4294.3853125 5.89741900977649 1265.39423461914 6.87901635221502
-1045.78304199219 -0.25823143182339 841.890549316406 0.761262881492466 -1920.55487304687 2.22239610811026 1329.3834375 3.17529547342636 1455.45039794922 4.14216590966189 -431.715075531006 5.12696234919895 2380.89764160156 5.93538092977272 -422.639363002777 6.94488642480723
-2878.44154296875 -0.297155376451829 -824.401513977051 0.757944256251417 -3564.941171875 2.24791315938493 -510.122807312012 3.22348939870962 -211.505641708374 4.20042338338767 -2095.11367675781 5.22032584725957 662.501726989746 5.9912951810295 -2136.7588671875 7.04414389703757
-4600.35154296875 -0.334399637983266 -2443.93465332031 0.755217408957951 -5176.4184765625 2.27231020989532 -2430.78543457031 3.28121194480828 -1997.44677734375 4.27463455281799 -3772.21196289062 5.30170791932447 -979.005806884766 6.07917000752018 -3754.13987304688 7.14117471981403
-6155.46068359375 -0.365534358366898 -4227.32166992187 0.751534735405298 -6784.4881640625 2.29643614217929 -4133.5706640625 3.33236023222955 -3792.02090820313 4.34600774260116 -5444.11912109375 5.36630091371422 -2625.16515136719 6.17628914991374 -5483.792578125 7.22307647865868
-7871.26455078125 -0.398007918170193 -5884.44994140625 0.74869624735763 -8483.41623046875 2.32127386206461 -5851.51595703125 3.38054098007692 -5531.73677734375 4.40651027622479 -7186.181328125 5.42548433495739 -4396.04045898437 6.25882057674104 -7061.6391796875 7.2867094130916
-9608.75015625 -0.429174964368695 -7484.39109375 0.745565322404044 -10199.1667578125 2.34577773834834 -7568.96458984375 3.42410302475442 -7241.30041015625 4.45700983260635 -8797.2447265625 5.47852122403872 -5992.32794921875 6.32088069837648 -8814.924609375 7.34645261960707
-11309.0077734375 -0.45636073831932 -9096.1901953125 0.742317708385401 -11889.48578125 2.36832746738861 -9157.2270703125 3.45989416217539 -8967.955234375 4.5027306012488 -10430.1497265625 5.52809338604632 -7729.14171875 6.38174634826218 -10499.6826171875 7.38607447700511
-13057.4656640625 -0.481557370891607 -10711.36046875 0.739002616159661 -13474.6008203125 2.38846530861388 -10936.3300390625 3.497070893645 -10587.3875390625 4.54415620670703 -12137.9975390625 5.5627076617681 -9464.8377734375 6.43453982938399 -12254.679921875 7.40861262139594
-14665.659453125 -0.503859218174616 -12472.658203125 0.735333110714318 -15095.2368359375 2.40866422273074 -12551.123203125 3.52765511434112 -12341.46640625 4.58912559702038 -13911.1226953125 5.58300945703298 -11048.891484375 6.4663363832176 -14041.2541015625 7.4219039986113
-16351.2454296875 -0.526618699550987 -14098.971875 0.731957522208545 -16735.711796875 2.42783231725058 -14308.5751171875 3.56135665377956 -14097.027578125 4.63226993612597 -15558.3862890625 5.5945239731345 -12806.017890625 6.48622613394348 -15755.645234375 7.42985476722632
-18145.3615625 -0.55196835296547 -15911.696875 0.728158809194395 -18454.349140625 2.44718825477684 -16084.506875 3.59379167455968 -15729.5262890625 4.66989600439638 -17327.936484375 5.60262267599888 -14552.365078125 6.49759728678722 -17386.2725 7.43470798700632
-19796.121875 -0.577009218213693 -17685.3040625 0.724424380984828 -20089.521015625 2.46431954101272 -17844.18734375 3.62615818937221 -17484.572421875 4.70324095794973 -19127.491015625 5.60852924089102 -16304.9425 6.50488944132265 -18986.9503125 7.43806773402313
-21435.660234375 -0.60321679544278 -19287.09046875 0.721556424835163 -21884.51109375 2.481920255548 -19478.30203125 3.65662242903024 -19261.587109375 4.72753257299107 -20861.729296875 5.61226926128206 -18062.287734375 6.50950372964503 -20604.31515625 7.44087203858166
-23222.285234375 -0.632330308916029 -20922.215390625 0.717746731413551 -23618.67 2.49927832930563 -21104.624765625 3.68523905339614 -20895.351953125 4.74236543526564 -22625.085703125 5.61504305540274 -19692.130078125 6.51260805892293 -22396.8071875 7.44274942929475
-25001.791328125 -0.66231298670385 -22700.91328125 0.714077989572225 -25293.531875 2.51531402210413 -22896.8390625 3.71689050235084 -22508.125859375 4.75300586152402 -24359.652578125 5.61727839467929 -21343.113359375 6.51491386292104 -24116.869296875 7.44478959740079
-26783.323828125 -0.691762086424055 -24447.716796875 0.710271824187534 -27082.362109375 2.53213693391679 -24676.3346875 3.74424393947703 -24301.38828125 4.76157984794636 -26051.917578125 5.61912332596969 -23064.763671875 6.51632455279785 -25888.22765625 7.44476797877859
-28418.715859375 -0.71790065755572 -26189.9765625 0.705714571323752 -28892.436875 2.54930544402637 -26332.531484375 3.7652872079959 -26096.179453125 4.76806975401994 -27809.971875 5.62071607836845 -24746.831640625 6.51802193435126 -27676.785546875 7.44631280406885
-30207.374765625 -0.743700663779813 -27848.677109375 0.701965563776574 -30661.65125 2.56602505483129 -28059.92328125 3.78231647142743 -27821.72453125 4.77272993505811 -29608.76109375 5.62218379279521 -26363.65390625 6.51904574213473 -29367.802109375 7.44722047180624
-31907.386875 -0.768342482736705 -29562.300703125 0.69808528099134 -32342.854453125 2.58139478830624 -29789.31875 3.79573614751721 -29608.41171875 4.77634652571944 -31342.292265625 5.62320926740532 -28026.0940625 6.52003814223328 -31009.92359375 7.44847409559732
-33775.465625 -0.789545593553183 -31256.070078125 0.694191626165259 -34068.283125 2.59779325938301 -31537.422421875 3.80597617478297 -31320.923203125 4.77927405217549 -33142.191171875 5.62444028028141 -29762.11921875 6.52133223628403 -32810.785390625 7.44896632650894
-35613.70828125 -0.806119963157521 -32910.746015625 0.690585298402132 -35703.3321875 2.61367534125808 -33330.57828125 3.81404710787758 -33120.174921875 4.78165842568993 -34873.15984375 5.62523438928961 -31414.1790625 6.52231337715278 -34608.58703125 7.44923626116463
-37432.94578125 -0.816218839281396 -34701.53296875 0.686695143122586 -37491.64875 2.63085305253322 -34980.8909375 3.82026588086587 -34845.81828125 4.78348873944506 -36499.39265625 5.62615949390399 -33181.385546875 6.52288384953229 -36433.8090625 7.44955483295441
-39163.76703125 -0.824089986357917 -36322.73578125 0.68260137343925 -39141.79015625 2.64689894575744 -36615.385 3.82526982708605 -36482.40890625 4.78502965780238 -38349.214375 5.62700526903195 -34825.42046875 6.52338226073776 -38105.42328125 7.4497651054463
-40909.8278125 -0.830044603295821 -38096.59328125 0.678513453913227 -40889.22234375 2.66437404168772 -38403.564375 3.82956399121711 -38128.94734375 4.78653520186327 -40073.91703125 5.62772719432364 -36494.74703125 6.52391908028249 -39898.20328125 7.4501691534916
-42685.5525 -0.834033190256085 -39878.33625 0.674543763164613 -42677.094375 2.68175418461694 -40212.26546875 3.83334036307468 -39922.23734375 4.78785533571017 -41715.77390625 5.62819009803079 -38135.6878125 6.52426688508656 -41533.5228125 7.45061170175275
-44307.88671875 -0.837420587361812 -41516.725625 0.670521403261933 -44294.88296875 2.69664254933658 -42008.3528125 3.8364533032414 -41596.355625 4.78902782415403 -43399.27375 5.6281923682915 -39788.34390625 6.52467370217263 -43157.33 7.4513335015262
-46117.53609375 -0.840419412144239 -43306.1165625 0.666582243148452 -46068.5575 2.71272678936547 -43788.928125 3.83904930305237 -43363.12953125 4.78969220545861 -45170.693125 5.62891414287375 -41409.51265625 6.5247484597121 -44933.7009375 7.45158243568538
-47972.5340625 -0.843351349911035 -45081.886875 0.662646153017592 -47872.4171875 2.72775826619755 -45595.92671875 3.84116207082697 -45016.5559375 4.79058287293479 -46843.8928125 5.62933586662288 -43183.92328125 6.52496956327832 -46717.69625 7.45164293405806
-49732.2375 -0.845023461350876 -46737.13734375 0.658895769348954 -49498.68171875 2.73956881494624 -47399.934375 3.84289216159821 -46804.428125 4.79151269803703 -48610.346875 5.63003743011235 -45064.81421875 6.52583275392343 -48498.98546875 7.45191055318369
-51486.28296875 -0.846989625950384 -48362.5759375 0.655080842463073 -51301.94046875 2.75136751215665 -49200.6328125 3.8443846422748 -48610.21328125 4.79251709412796 -50365.50515625 5.63119186340169 -46748.91328125 6.52621523683761 -50321.58671875 7.4520018528908
-53113.024375 -0.84882660984498 -49985.010625 0.651673735221783 -53045.94875 2.76153465450122 -50984.77609375 3.84558062923123 -50282.54 4.793382369786 -52086.07984375 5.63156199449571 -48371.9040625 6.52626278892948 -52135.31484375 7.45211509023804
-54930.31 -0.849949949029542 -51759.635 0.647539997846751 -54821.00265625 2.7705211657434 -52617.51046875 3.84652883711463 -51930.10640625 4.79401579403198 -53735.7884375 5.63181666026743 -50031.87875 6.52630909778807 -53935.08359375 7.45220983513042
-56717.3521875 -0.851670588187499 -53401.26359375 0.643922305776066 -56633.44015625 2.77864809805099 -54419.08046875 3.84771187073823 -53580.51796875 4.79458256767399 -55456.1353125 5.63244165247897 -51789.6528125 6.52655196857476 -55669.7196875 7.45213288831787
-58457.37109375 -0.853127273173429 -55194.02921875 0.639979988307599 -58383.93859375 2.7849909333145 -56189.62453125 3.84853881610382 -55234.99671875 4.79513934700904 -57127.47515625 5.63221791606329 -53361.6978125 6.52616610740526 -57329.09296875 7.45197986874147
-60076.16703125 -0.853285865308117 -56927.78171875 0.636582451503324 -60006.451875 2.79056277374741 -57945.12125 3.84929114329539 -56865.16875 4.79564228518775 -58856.62640625 5.63240585975539 -54997.76265625 6.5263347485387 -59052.27296875 7.45220272340267
-61704.0946875 -0.853899408472344 -58587.17734375 0.633355607564855 -61785.665 2.79594052168688 -59598.45578125 3.8500769072129 -58510.88953125 4.79597711212811 -60528.6903125 5.63278884421687 -56776.794375 6.52636015728669 -60829.626875 7.45225274754722
-63339.7525 -0.855540443107985 -60398.43421875 0.629466587277948 -63602.58703125 2.80040369514785 -61378.3703125 3.85068257662202 -60285.296875 4.79630022373338 -62266.849375 5.63270417642255 -58439.193125 6.52660352873796 -62621.97234375 7.45231888702191
-65002.33203125 -0.855731659544728 -62202.84859375 0.625655616664117 -65406.9765625 2.80459271740587 -63014.230625 3.85134549203465 -62058.87828125 4.79672464875976 -63911.6953125 5.63287400629557 -60177.3875 6.52644766350135 -64398.45375 7.45233967191244
-66725.3984375 -0.856340901156674 -63974.4003125 0.621986133870142 -67201.74875 2.80831901269572 -64827.63 3.8518648841846 -63771.6325 4.7970021486939 -65746.12484375 5.63298257896771 -61913.85875 6.52662545202617 -66193.98296875 7.45260867309417
-68499.1828125 -0.85694575298779 -65727.8 0.6184604512595 -68909.165 2.81123180637219 -66593.5840625 3.85223804252059 -65449.04375 4.79720184697535 -67464.489375 5.63322651481215 -63693.9665625 6.52677353006153 -67967.18875 7.45261976041569
-70311.6840625 -0.857279449087636 -67532.540625 0.614539018465182 -70672.7615625 2.81416411855514 -68309.6134375 3.85278530626134 -67183.895 4.797436570785 -69174.433125 5.63349642706405 -65318.94859375 6.52679462906582 -69596.30875 7.45242102906089
-72071.1571875 -0.858139311937469 -69247.4365625 0.611095593653554 -72422.9078125 2.81705255423098 -70109.924375 3.85319586175191 -68896.1509375 4.79776671216429 -70812.8753125 5.63330879939447 -67146.3528125 6.52659654091696 -71380.4496875 7.45235593880197
-73787.331875 -0.858642173223633 -70871.4334375 0.607911222667947 -74152.61375 2.8194892125681 -71829.9975 3.85354183048872 -70703.57625 4.79789954819765 -72624.49625 5.6332546558158 -68895.3215625 6.52662688726723 -73032.9540625 7.45201570728107
-75615.3028125 -0.859489629906573 -72530.8496875 0.603581808294861 -75790.3996875 2.82138951485654 -73569.153125 3.85376774641602 -72441.6340625 4.79788322122831 -74288.4571875 5.63322731632012 -70514.5140625 6.52646837693868 -74854.669375 7.45199341093644
-77406.4353125 -0.860227689433177 -74185.8596875 0.600208810104959 -77453.3971875 2.82293280608047 -75197.295625 3.8541088897767 -74097.9915625 4.79797691460621 -76088.50625 5.6333895837765 -72290.201875 6.52631254121884 -76569.474375 7.45213019085339
-79195.6865625 -0.862037298621318 -75838.3203125 0.596622489616642 -79213.9684375 2.82467907477664 -76885.6990625 3.85431069144374 -75808.5475 4.7980777521191 -77837.04375 5.6333433996933 -73940.9278125 6.52621115862486 -78196.12125 7.45204811958251
-80986.3078125 -0.862879803262843 -77628.9428125 0.592604686930265 -80953.3615625 2.82590654645123 -78678.16875 3.85448366132121 -77594.2184375 4.79811649169699 -79621.491875 5.63363462487835 -75733.2496875 6.52660956498349 -79988.2521875 7.4519922361273
-82700.0134375 -0.862854397239882 -79414.8846875 0.588711835871811 -82605.7884375 2.82701562958712 -80338.00375 3.85488126969056 -79382.9121875 4.79818106237864 -81387.466875 5.63392575755135 -77352.6328125 6.52673807112656 -81808.7640625 7.45203871673767
-84510.7809375 -0.862823430373876 -81221.1325 0.584637922902526 -84312.8203125 2.82807730951564 -82069.5803125 3.85532403875092 -81014.6934375 4.79833052205779 -83131.4046875 5.63375557432132 -79001.6271875 6.52682065801064 -83595.5678125 7.4517283438907
-86227.3296875 -0.862853011512837 -82998.8471875 0.579898583659034 -86109.2321875 2.82904786597279 -83720.746875 3.85540257207128 -82790.1990625 4.79843066459301 -84844.815625 5.63368332167425 -80717.575 6.5266318744715 -85244.2765625 7.45200285256299
-88043.6521875 -0.863094337084601 -84766.9203125 0.57610042543134 -87900.6240625 2.83056924705885 -85533.3625 3.85524392463507 -84424.77875 4.79839335944015 -86495.405 5.6338112989344 -82522.57625 6.52665071616512 -86901.314375 7.45203836048629
-89762.7503125 -0.863367613703987 -86416.5584375 0.572116139955697 -89692.1528125 2.83112655887988 -87330.00125 3.85519687623169 -86215.6384375 4.79840537178069 -88324.5978125 5.63405605651697 -84227.4778125 6.52626307630595 -88714.3378125 7.451638426834
-91413.2509375 -0.863551304197059 -88202.4884375 0.568041921110498 -91306.3125 2.83173258776606 -88990.235625 3.8545951296861 -87997.34375 4.79856812385015 -90071.2775 5.6339033983178 -86004.093125 6.52633219859406 -90433.3234375 7.45190971303831
-93238.4784375 -0.863430751362793 -89992.589375 0.563713691183821 -92928.0421875 2.83226109124197 -90718.48875 3.85452515026161 -89812.3934375 4.79870715081299 -91728.5534375 5.63413261030222 -87618.798125 6.52644231977436 -92145.329375 7.45183314141254
-94958.4821875 -0.863603960975719 -91767.86875 0.559532449180939 -94718.5846875 2.83241239574091 -92429.803125 3.85447278470252 -91542.540625 4.79851927797542 -93497.2828125 5.63424832845417 -89422.178125 6.52632723518196 -93828.6996875 7.45188645095397
-96578.6246875 -0.863502714362867 -93428.7459375 0.555220699907672 -96461.670625 2.83242582093125 -94182.8496875 3.85451880956968 -93326.9990625 4.79841772613251 -95159.6471875 5.63419642376322 -91140.3478125 6.52612703433275 -95648.1590625 7.45185981353722
-98196.3084375 -0.863325995798813 -95200.015 0.55084471013075 -98190.63875 2.83275429137262 -96490.49375 3.85447944461836 -95101.00875 4.79829481675585 -96826.47375 5.6343191293493 -92764.07125 6.52592086071552 -97394.2159375 7.45194946610623
-100025.4453125 -0.863331270732017 -96880.7225 0.546832553398924 -99821.263125 2.83287453133343 -98333.4096875 3.85457922926698 -96912.2084375 4.79779002394089 -98600.22375 5.6344188698569 -94382.605 6.5261228014215 -99139.0146875 7.45195791903582
-101843.263125 -0.863381975941698 -98500.3903125 0.543275516492941 -101627.216875 2.83303309814269 -100104.72375 3.85445051028356 -98687.6346875 4.79770272654314 -100375.775 5.6343686050451 -96173.40875 6.52580961427757 -100781.4228125 7.45185645063605
-103597.4 -0.8634197294617 -100294.0946875 0.53864721699081 -103343.643125 2.83240328042175 -101873.8275 3.85432555349583 -100332.378125 4.79747423895873 -102144.0521875 5.63419289535782 -97844.98375 6.52595201258897 -102557.766875 7.45189127630222
-105219.893125 -0.863211022164217 -102107.22 0.534238575559799 -104958.7478125 2.83234197313964 -103515.40875 3.85483498489501 -102103.3521875 4.79742686465054 -103882.6296875 5.63397106445172 -99496.0953125 6.52627823418931 -104181.7071875 7.45237101452255
-106986.51 -0.86295984671124 -103926.6015625 0.529882266891003 -106601.70625 2.83201923638678 -105287.3703125 3.85472719975822 -103833.125 4.7977569584354 -105584.8921875 5.63416293835083 -101279.6584375 6.52630644996607 -105884.75375 7.45237429727224
-108946.39375 -0.862966411553588 -105692.968125 0.525962940889157 -108374.93 2.83197098680737 -106931.2565625 3.85460427988346 -105609.3028125 4.79786370688406 -107359.530625 5.63410214399955 -102918.9053125 6.52635802801351 -107597.7171875 7.45243109166865
-110588.741875 -0.862876695548874 -107327.6640625 0.522095028569229 -110003.339375 2.83230688372344 -108723.93625 3.85429448767554 -107403.0125 4.7976758701593 -109007.5775 5.6338733638375 -104714.708125 6.52642373808966 -109380.74375 7.45244977137544
-112322.819375 -0.862944260857008 -109112.8325 0.518569870076924 -111795.2296875 2.83283639603201 -110507.18875 3.85430895509711 -109022.0965625 4.79737497060701 -110822.7175 5.6347325486185 -106415.430625 6.52602611582361 -111019.3275 7.45226938182838
-114134.4840625 -0.863260545919334 -110842.60125 0.514781548261564 -113572.8421875 2.83252845365138 -112308.4034375 3.85414545059904 -110835.4684375 4.79723625822219 -112574.243125 5.63458062703505 -108185.5596875 6.52626066933089 -112732.5209375 7.45225477755638
-115885.40375 -0.862945947282929 -112566.1621875 0.511394225676285 -115219.2390625 2.83230230466448 -114105.7775 3.85389013492563 -112540.855 4.7967421085343 -114263.1434375 5.63456293823663 -109956.5753125 6.52631531605881 -114495.338125 7.45205782587173
-117618.7753125 -0.862677305116035 -114206.2709375 0.507744364230722 -116989.1659375 2.83156564078916 -115905.8184375 3.85360774447649 -114303.295 4.7966224342201 -115971.66125 5.6348047167942 -111561.1109375 6.52624728851232 -116289.54375 7.45227249662014
-119368.1915625 -0.863653874257288 -115915.4334375 0.504537673390347 -118772.8125 2.83112297905276 -117682.850625 3.85339580376785 -116102.7803125 4.79652754489026 -117618.8796875 5.63455091645252 -113184.3796875 6.52641256644589 -118001.89875 7.45248761208759
-119992.404375 -0.863953253056399 -117677.995625 0.501472708662031 -119907.655 2.8309693557262 -119414.1709375 3.85287175330897 -117818.6465625 4.79590295840951 -119281.9575 5.6339683797106 -114842.436875 6.52726736895004 -119630.9115625 7.45262854629734
-119998.3046875 -0.865912706665687 -119374.3496875 0.498217841960159 -119999.0859375 2.83147555601274 -119991.08125 3.85289868464399 -119525.055 4.796400040534 -119992.599375 5.63429085780835 -116486.57 6.5272691555919 -119999.296875 7.45323828256762
-119044.2821875 -0.866086859016422 -119993.491875 0.496186469222045 -118997.6003125 2.83059801441826 -119999.796875 3.85257643091088 -119999.71875 4.79629528322665 -120001.2109375 5.63410120791123 -118128.253125 6.52737605262636 -119112.8296875 7.45281671805937
-117250.849375 -0.866365639081328 -119998.9453125 0.494338157014891 -117208.8696875 2.83108972926207 -119061.88375 3.85242475212986 -119023.6296875 4.79646472583804 -118941.9384375 5.63379575802162 -119661.4590625 6.52736644633358 -117375.349375 7.45272988227694
-115569.714375 -0.866736033765938 -119029.30375 0.493734395566387 -115393.345 2.83194568415501 -117172.6325 3.85284149491278 -117158.775 4.7967198615278 -117159.9275 5.6338711643876 -119998.3828125 6.52707045625315 -115686.5553125 7.45268599198058
-113796.3903125 -0.867219180370448 -117157.9109375 0.493383943127521 -113708.67625 2.83254913015121 -115380.4065625 3.85323020399196 -115477.02875 4.79685892318935 -115472.56 5.634309302032 -118983.1084375 6.52681666385207 -114004.3453125 7.45263705711958
-111989.9584375 -0.867026015570914 -115482.658125 0.492914198751756 -111890.08625 2.8329119041211 -113587.06 3.8537979624623 -113623.2759375 4.79718191983219 -113762.59125 5.6342796237418 -117198.853125 6.52663282771446 -112198.7046875 7.45248446122682
-110087.2553125 -0.867415021992057 -113764.3015625 0.492378265964703 -110053.04875 2.83321653922921 -111779.2109375 3.85402958711556 -111799.9140625 4.79763938288771 -111956.7478125 5.63427544607817 -115389.675 6.5266739739014 -110390.4375 7.45233360530817
-108378.273125 -0.867518989643437 -112118.2759375 0.491633783961271 -108147.899375 2.83394685651548 -110099.2471875 3.854367065548 -109999.273125 4.79790744645872 -110271.5728125 5.63422238156267 -113530.6865625 6.52671120054963 -108558.2275 7.45217796975978
-106695.2859375 -0.866971085653748 -110312.6246875 0.491001294780911 -106307.5559375 2.83390898522897 -108279.7640625 3.85428294913689 -108165.1590625 4.79802450282951 -108560.46 5.6340644407233 -111738.450625 6.52676380586521 -106883.011875 7.45235964761237
-104923.8815625 -0.867138187218249 -108448.3815625 0.490485420138005 -104473.1134375 2.83442947141864 -106590.293125 3.85438975146592 -106411.2265625 4.79811448939241 -106755.1403125 5.63409301250127 -110102.1246875 6.52661315694409 -105235.0503125 7.45240896020733
-103090.59625 -0.867182774037675 -106675.3675 0.489631544281476 -102636.701875 2.83459189529435 -104813.8121875 3.85440389207875 -104552.38875 4.79804051659345 -104960.95875 5.6342194727146 -108294.855 6.5266048217406 -103493.719375 7.45242929709284
-101173.9246875 -0.866265969041364 -104766.265 0.489399663179051 -100885.036875 2.83488419749047 -103054.9171875 3.8546970022045 -102824.405625 4.79837091054003 -103203.4465625 5.63403412530768 -106487.08875 6.52669753763377 -101652.22 7.4521577659197
-99353.265 -0.866671826457012 -102949.2403125 0.48884854915104 -99184.781875 2.83543756202788 -101375.29625 3.85466514821564 -101003.8025 4.7985334883149 -101348.1234375 5.63398552581672 -104722.5728125 6.52649342066006 -99885.5865625 7.45247754908319
-97685.23625 -0.866726869376432 -101260.488125 0.488338027534456 -97409.0053125 2.83558028918431 -99557.81875 3.85485122354391 -99198.14375 4.79864891056855 -99538.15875 5.6342699519013 -102880.6190625 6.52621509867558 -98065.8315625 7.45242983871884
-95859.11375 -0.866447678094868 -99518.9634375 0.487940588083147 -95634.7459375 2.83568902071778 -97888.510625 3.85499119652424 -97368.644375 4.79880136387547 -97687.6184375 5.63414487622112 -101061.158125 6.52636797953676 -96304.2196875 7.45228408729197
-94171.6978125 -0.866369502833 -97669.4759375 0.487671460030074 -93890.63875 2.83595452107983 -96054.5584375 3.85525077808079 -95681.4446875 4.79887840674154 -95973.2328125 5.63389665644198 -99396.030625 6.52612144996431 -94491.604375 7.45227700771079
-92385.32625 -0.866592387224593 -95907.3996875 0.487246599346561 -92120.5053125 2.8359221692242 -94290.5546875 3.85541368494813 -94017.481875 4.79878943669577 -94136.3365625 5.63412973286618 -97559.0190625 6.52647528460518 -92690.83 7.4525831496928
-90574.9446875 -0.866890953843745 -94100.5509375 0.486633902802321 -90358.654375 2.83592468182868 -92613.5628125 3.8553479063909 -92179.5315625 4.79903575225501 -92350.066875 5.63416254106125 -95912.1925 6.52643496609195 -90876.039375 7.45238576930124
-88740.3575 -0.866497249912057 -92261.613125 0.486174030056807 -88677.4128125 2.83565790773392 -90950.62375 3.85525317259726 -90415.608125 4.79892042429442 -90644.8603125 5.63414553647907 -94101.2203125 6.52642950063471 -89017.91875 7.45227103219369
-86911.765625 -0.866929415623783 -90523.105625 0.485901245506533 -86931.39375 2.83574858337052 -89284.7140625 3.85520441321859 -88564.48875 4.79879830134725 -88837.1746875 5.63430269577922 -92294.4071875 6.52643801940604 -87193.96125 7.45245696363701
-85198.3109375 -0.866439155703797 -88711.0690625 0.485609838408877 -85263.8178125 2.83590149106117 -87463.35125 3.85529647066749 -86788.8265625 4.79893863262451 -87027.9484375 5.63433200292132 -90480.3990625 6.52641424490098 -85415.2278125 7.452313482731
-83374.38875 -0.866042872318519 -86902.4878125 0.485213384907015 -83573.6490625 2.83576043227577 -85783.5953125 3.85516117807157 -85047.903125 4.79894946691912 -85255.0046875 5.63436572911062 -88590.18625 6.52641678830422 -83604.1878125 7.4524929711883
-81628.4471875 -0.865767546519529 -85064.4240625 0.484972283285028 -81888.0353125 2.83550800582228 -83947.978125 3.85499081148547 -83392.0678125 4.79876065136316 -83575.6115625 5.63496934815527 -86767.26125 6.52669857544532 -81735.3146875 7.45273477379462
-79961.0421875 -0.866083034113159 -83251.684375 0.484679025712469 -80131.861875 2.83546631708749 -82276.405 3.85474108883555 -81698.035625 4.79796801394092 -81848.8309375 5.63506161714352 -85084.37875 6.52674034078338 -79973.305625 7.45267919101521
-78274.83875 -0.866454444610519 -81498.1415625 0.484075245277203 -78368.7775 2.83507761097545 -80468.368125 3.85470859284007 -79855.9365625 4.79783405155771 -80079.378125 5.63505424541585 -83342.573125 6.52682173494676 -78157.0646875 7.45266956652862
-76579.3890625 -0.866380390492303 -79651.27125 0.483929281313763 -76598.043125 2.83502781152935 -78780.441875 3.85481279578723 -78084.478125 4.79773130891683 -78249.1434375 5.63515931573372 -81653.445 6.5267850655832 -76479.9378125 7.452728302785
-74877.630625 -0.867543963745292 -77884.673125 0.483553993274208 -74774.1778125 2.83443458435681 -76948.5078125 3.85469615019745 -76338.4009375 4.79760075824859 -76461.4815625 5.63436520234027 -79942.5184375 6.52643189077257 -74642.9390625 7.45253907203542
-73053.29875 -0.86722502673876 -76031.651875 0.483544446642743 -72915.24 2.83421216435126 -75265.6375 3.85412496164163 -74639.2803125 4.79764447351616 -74775.49375 5.6342831315448 -78267.2725 6.52642367574555 -72930.0734375 7.45222741467071
-71326.189375 -0.867392023659388 -74245.67625 0.483332329728012 -71155.4646875 2.83370911953993 -73441.8725 3.85423131243377 -72953.77875 4.79770724766025 -72965.7578125 5.63416541449907 -76453.0953125 6.52646411379911 -71105.8890625 7.45245435373562
-69467.7525 -0.867266653620685 -72578.4315625 0.483246035701102 -69466.0875 2.83309977829324 -71681.9375 3.85400665390833 -71318.0578125 4.79755105216046 -71281.6840625 5.63421188295837 -74755.4009375 6.52639299150042 -69262.8046875 7.45229883697822
-67706.7059375 -0.867121315115128 -70747.075 0.48263639133635 -67778.593125 2.8320515249054 -69926.0921875 3.85396582836555 -69501.7709375 4.79736391827839 -69581.375 5.6341414452358 -72860.9984375 6.52669255503047 -67446.04375 7.45254309056134
-65890.3509375 -0.867091123907559 -69070.5815625 0.482643836069904 -66015.983125 2.83168868775691 -68101.6365625 3.85364887932806 -67758.7646875 4.79707234737884 -67809.9821875 5.63400059417302 -71008.4290625 6.52662092102008 -65768.25796875 7.45271669396382
-64024.830625 -0.866859010660792 -67229.2209375 0.482516019582822 -64204.9203125 2.83132699816104 -66281.2140625 3.85343541284208 -66094.27203125 4.79763832746251 -65992.40453125 5.63385025371674 -69354.86125 6.52674913481793 -64126.8709375 7.45271125776048
-62169.3503125 -0.866452222790887 -65403.1884375 0.482403839466895 -62350.5715625 2.83060467867533 -64627.1790625 3.85311218256994 -64248.73875 4.79714936475275 -64186.40671875 5.63375403172256 -67732.9953125 6.52703467474681 -62309.87078125 7.45275244502447
-60372.40515625 -0.865775886884763 -63576.94328125 0.482381990713725 -60558.341875 2.83009017015562 -62941.4065625 3.85284800165006 -62490.559375 4.79705359554467 -62342.290625 5.63342198998085 -66015.664375 6.52693850582249 -60492.225 7.45272208841585
-58597.88625 -0.864992323811433 -61851.09078125 0.482421825045901 -58794.5871875 2.82958415624948 -61246.7503125 3.85223121826052 -60817.7371875 4.79648625261784 -60615.43046875 5.63363458712976 -64213.10109375 6.52643940648667 -58575.338125 7.45192798767233
-56789.0546875 -0.864536790454887 -60148.19640625 0.482747592411832 -57044.23671875 2.82894100461604 -59549.19140625 3.8516412141066 -58983.3434375 4.79619428577649 -58833.28484375 5.63365967808261 -62457.98140625 6.52656404358818 -56810.0978125 7.4519586279073
-54883.36265625 -0.864427748346019 -58442.81953125 0.48279864073974 -55364.355 2.82801515759509 -57863.54265625 3.85115200861759 -57201.28828125 4.79555872539266 -56993.97140625 5.63313145165549 -60792.7175 6.52666849339585 -54978.10578125 7.45172742726972
-53038.0434375 -0.863866243042603 -56682.03328125 0.482971643647927 -53670.31921875 2.82683478613653 -56177.043125 3.85057723290532 -55450.31453125 4.79534496339751 -55227.2128125 5.63308787129877 -59102.73984375 6.52671597727025 -53215.90171875 7.45183878414855
-51192.3278125 -0.863199729730523 -54929.495 0.48303291267585 -51900.93078125 2.82593249503772 -54487.43875 3.84988838412561 -53765.2878125 4.79483460484876 -53535.41 5.6325686835037 -57270.20375 6.52650083936597 -51535.33765625 7.45194895771729
-49363.9484375 -0.862418403100171 -53261.294375 0.48315139005027 -50088.91390625 2.82480891828603 -52649.63171875 3.84931630969572 -52017.870625 4.79445678225492 -51812.97890625 5.63185805178959 -55605.76671875 6.52652798816798 -49701.8825 7.45210203476453
-47541.9578125 -0.861152704087041 -51577.2078125 0.482905986175017 -48277.3828125 2.82334951203765 -50797.21921875 3.84907055197905 -50164.0853125 4.79432919090566 -49995.635 5.6316053073604 -53799.2684375 6.52622091605447 -47889.0925 7.45202935318923
-45678.3575 -0.860368720936356 -49825.09875 0.483373069653139 -46464.09375 2.82211406716982 -49046.413125 3.84819203134562 -48409.13109375 4.79377432051512 -48244.60203125 5.63119141429574 -51955.91984375 6.52626310168455 -46029.54921875 7.45169548893423
-43819.31234375 -0.859090634721832 -48013.431875 0.483708720122543 -44749.08015625 2.82028882775295 -47359.8084375 3.84736280207909 -46598.9140625 4.79300871468841 -46501.56703125 5.63075761884314 -50256.30859375 6.52607747137812 -44280.46265625 7.45150618606554
-42063.435625 -0.858187277631962 -46077.6975 0.484294325975775 -43084.59125 2.81857074079095 -45600.86390625 3.84646412266677 -44755.8784375 4.79225430797499 -44654.60015625 5.63064149238619 -48489.32140625 6.52599703376828 -42564.2003125 7.45141202376633
-40342.25234375 -0.857107604679293 -44372.64296875 0.484278012584287 -41238.1765625 2.81679133185497 -43777.56859375 3.8450386213969 -42970.29171875 4.79164961638744 -42854.395 5.6303906075041 -46662.69515625 6.52603606729275 -40868.1065625 7.45135923229709
-38509.8846875 -0.855858800151605 -42686.736875 0.484666512226695 -39485.1190625 2.8148885948984 -42089.294375 3.84377394367771 -41271.94296875 4.79104544267409 -41077.9975 5.6299603117571 -44990.71859375 6.52564365156482 -39178.43421875 7.45114783575078
-36671.67703125 -0.854713247564156 -40856.86640625 0.484992080128035 -37663.49125 2.81260230048385 -40272.6225 3.84231532392468 -39581.89828125 4.79002363203586 -39296.02015625 5.62911203646549 -43147.57 6.5255262663659 -37490.03984375 7.45072772233119
-34964.06875 -0.853465814578739 -39164.156875 0.485418097244695 -35986.53703125 2.8105280356214 -38447.39234375 3.84088021006877 -37893.89 4.7891784291595 -37456.10203125 5.62865868064254 -41446.3984375 6.52518452281217 -35647.94109375 7.4505743403817
-33271.681015625 -0.851901828731925 -37482.91359375 0.485914850231969 -34154.07640625 2.80790577265774 -36748.86671875 3.83951368747387 -36065.42546875 4.78793036606879 -35745.40203125 5.62779409799144 -39754.32609375 6.52456304682367 -33942.91140625 7.45025279248803
-31471.0821875 -0.850368845934521 -35809.925 0.486888715671751 -32457.353828125 2.80520300298703 -34976.05734375 3.83734833077531 -34360.6896875 4.78690302080204 -33936.6203125 5.62682429272327 -38052.61765625 6.5244834405628 -32251.875 7.44969249060425
-29747.390390625 -0.848011581767395 -33993.98453125 0.48748212057279 -30703.34328125 2.80237175388938 -33167.803203125 3.83576230000672 -32700.127109375 4.78531262940797 -32258.592265625 5.62591521794482 -36299.97046875 6.52396728293316 -30568.32140625 7.44936743772713
-28029.2646875 -0.845893335972826 -32148.1578125 0.488563319747715 -28886.330078125 2.79903130942064 -31473.37171875 3.83361312571802 -30855.375234375 4.7837331795807 -30532.990625 5.62500695643845 -34429.29984375 6.52344945196775 -28887.14796875 7.44857410775592
-26254.10828125 -0.84322374540922 -30383.12203125 0.489531602539066 -27041.76953125 2.79528052016884 -29705.6834375 3.83146667887824 -29074.88328125 4.78202149659926 -28739.8984375 5.62424463232212 -32754.367890625 6.52376647361608 -27040.09453125 7.44800906246381
-24432.752265625 -0.839513784719247 -28530.144375 0.490174050367368 -25211.07828125 2.79078895173479 -27939.070703125 3.82940638560555 -27303.432265625 4.7797995153907 -27042.881015625 5.62295476649512 -31090.770546875 6.52306413566269 -25204.598125 7.44713690052553
-22539.66921875 -0.835073416369718 -26667.74671875 0.491145662659774 -23387.92046875 2.78620540264267 -26267.084375 3.8270187127379 -25467.618671875 4.77746406337078 -25178.251328125 5.62165786595939 -29261.58796875 6.52255184128671 -23378.44890625 7.4461380905483
-20697.25171875 -0.829983944912223 -24912.656015625 0.492070799221134 -21552.591328125 2.78066667369421 -24617.53421875 3.8241995034411 -23776.98015625 4.77505043739983 -23361.234609375 5.62003929022303 -27565.637109375 6.52162480019502 -21544.06109375 7.4449236905377
-18934.56453125 -0.824179899723334 -23064.79640625 0.493259777187133 -19858.483515625 2.77463073265194 -22759.168984375 3.82056888506133 -21954.070546875 4.77245741502206 -21573.03359375 5.61837012376221 -25852.495390625 6.52086078255003 -19839.888828125 7.44361890290814
-17213.0161328125 -0.818309827056084 -21379.964375 0.494203410424168 -18160.137421875 2.76858767878232 -20955.54671875 3.81665106282917 -20287.722890625 4.76961824009503 -19850.631953125 5.61661505999024 -24138.48046875 6.52004418111266 -18015.877109375 7.44174697687999
-15234.49515625 -0.810048952069524 -19654.61890625 0.494599427464957 -16381.85390625 2.76153832244809 -19265.986015625 3.81253798177392 -18573.59609375 4.76548232709102 -18122.67640625 5.61427735531359 -22493.05421875 6.51896342901873 -16171.883046875 7.43992992062222
-13349.5937890625 -0.800573584037913 -17982.58609375 0.495796377723994 -14540.930234375 2.75271684946487 -17408.03109375 3.80716362570348 -16886.4602734375 4.76170132711433 -16323.3396484375 5.61137501712963 -20671.52703125 6.51767594110909 -14484.669140625 7.43790976004847
-11493.53921875 -0.789463268364497 -16293.51359375 0.496908243941569 -12727.358515625 2.74411784742111 -15538.3471484375 3.8008570763223 -15195.22359375 4.75716658234902 -14485.814921875 5.608198722899 -18973.999375 6.51605858700029 -12641.023125 7.43481830113928
-9650.0252734375 -0.776337208725113 -14351.8534375 0.497886175665547 -10909.8516015625 2.73364824362898 -13742.73703125 3.79355986067999 -13306.56 4.7510928909504 -12685.6247265625 5.60402947416862 -17271.986875 6.51417131605264 -10946.972265625 7.43116345092575
-7772.1601171875 -0.759540647552012 -12652.807578125 0.499777384010934 -9045.0895703125 2.72085734816815 -11883.611640625 3.78391363921402 -11465.790859375 4.74413639964772 -10822.4529296875 5.59867288084047 -15595.8887890625 6.51207801620724 -9252.1811328125 7.42645898374603
-6057.3034765625 -0.741391040605366 -10866.2925 0.501529289222927 -7192.787421875 2.70679107928677 -10155.962421875 3.77377461007927 -9740.6218359375 4.73567807383614 -8947.7975390625 5.5918264803336 -13759.9615625 6.50933483413173 -7563.528046875 7.42044918532017
-4174.43635742188 -0.717033942973321 -9162.277578125 0.502810399963136 -5454.7201953125 2.69120531331664 -8374.0083984375 3.76022680526249 -7856.36654296875 4.7233911516472 -7185.2959765625 5.58276817981332 -12055.6795703125 6.5061664852603 -5853.860234375 7.41211950443257
-2428.59818359375 -0.690373408287074 -7441.374609375 0.504552680519549 -3561.809375 2.67197107628037 -6584.41095703125 3.74339324964677 -6052.50111328125 4.70675267151444 -5349.06521484375 5.56881100871163 -10268.4948046875 6.50169421191468 -4138.0873828125 7.39956900685979
-499.836477890015 -0.655190511940464 -5564.03435546875 0.505917002047678 -1687.54351074219 2.65057097347271 -4841.29922851563 3.72234459702275 -4170.13336914063 4.68283961987823 -3509.5475390625 5.5458577908531 -8427.57220703125 6.49540041732548 -2265.99268554687 7.37597918509598
1268.16996337891 -0.619558452354124 -3664.5852734375 0.507956313547411 19.3235989379883 2.62858316959638 -3076.82674804687 3.69461446122127 -2310.88849609375 4.64789676888854 -1775.26323486328 5.5107025392096 -6367.2441015625 6.48512156710244 -540.037474212646 7.33332780017341
3066.57033203125 -0.580140663653272 -1938.18798828125 0.509629351790927 1760.31384277344 2.60430474613174 -1346.59444091797 3.66091102522666 -482.731672515869 4.59599162155797 -51.0159209442139 5.44450304854092 -3744.05501953125 6.46249764234283 1205.00782958984 7.24950236094468
4763.43512695313 -0.544119615561861 -69.3348039245605 0.511628590689052 3471.47823242188 2.57959828501757 487.756634292603 3.61312394195872 1381.87583740234 4.52341565692342 1698.84496582031 5.34949031010043 -1881.30497558594 6.42904545242326 2987.41805664062 7.13699647989554
6361.6934765625 -0.511448484863776 1635.39400878906 0.513245359884921 5035.9419140625 2.55539506264885 2166.974921875 3.56389640338076 3037.82325195312 4.45437874518877 3449.93077148437 5.25734274793628 -200.345637664795 6.37149465097271 4618.89948242188 7.04579760164305
8020.2847265625 -0.479983794786375 3360.19120117188 0.514875151912565 6755.9103125 2.52923065107905 3922.79368164063 3.51243819264944 4735.12965820312 4.38926326242349 5045.668984375 5.18758546315012 1586.43526367188 6.27083937506487 6352.978125 6.96491429519977
9771.288671875 -0.44965256411103 4959.94255859375 0.516399904518705 8426.217109375 2.50458162230502 5848.49294921875 3.45692469122779 6398.28390625 4.33379023312342 6803.2918359375 5.12068217935315 3358.00915039063 6.17037478311478 8074.06189453125 6.89152862166857
11372.9176953125 -0.42474880142609 6698.2455859375 0.518602542216849 10180.8688671875 2.47942842768421 7568.163046875 3.41152400681989 7981.82595703125 4.2882049450222 8380.2495703125 5.05822889787347 4982.26974609375 6.09482380578401 9672.703203125 6.83546995892266
12978.1689453125 -0.401581823857146 8389.7194921875 0.51999324230554 11789.8726953125 2.45677275964994 9171.100234375 3.37323673500248 9597.3517578125 4.24295699923972 10061.5083203125 4.99329476253696 6652.0966015625 6.0244064092727 11265.947578125 6.79922126170727
14605.4002734375 -0.379553855878538 9991.7246875 0.522085432130391 13414.68125 2.43467058716564 10944.288515625 3.3352194547686 11219.8083203125 4.19749474861291 11699.078828125 4.9436250621343 8374.3238671875 5.95250730746873 12942.4049609375 6.77711336055528
16381.5242578125 -0.355515652894793 11724.94578125 0.523703490288447 15343.190703125 2.41014013978511 12560.247890625 3.30137953444925 13017.4444140625 4.14487055067109 13382.7996484375 4.91220809958587 9972.6241015625 5.89393809925066 14700.0272265625 6.76273858342853
18089.408125 -0.332174654929976 13439.5434375 0.525530904271855 17116.911796875 2.38883437297922 14186.4835546875 3.26841921347255 14714.0805078125 4.09590539218537 15001.0219140625 4.89368749340715 11606.0027734375 5.85607389113661 16326.85953125 6.75325496536854
19728.248828125 -0.308470116910595 15213.346015625 0.527739706620068 18891.00328125 2.36885995541738 15957.5319140625 3.23288039798657 16467.9941796875 4.04889825263299 16640.5690625 4.88078424144282 13248.3080859375 5.8338825609996 18105.180390625 6.74536268395341
21532.035078125 -0.280708748300566 16972.27953125 0.52981684814836 20640.751953125 2.35005767750623 17568.48734375 3.19996309529639 18067.356796875 4.01453115361189 18361.301328125 4.87011842569521 15003.4589453125 5.81873790852351 19881.084140625 6.73911240635138
23310.988671875 -0.25148515973493 18688.69515625 0.531587707691429 22452.25921875 2.33066059615441 19312.778125 3.16254425136163 19723.047578125 3.98871243320213 20023.462890625 4.86154764811563 16756.7609765625 5.80780626996392 21490.7309375 6.73371203891042
24956.706171875 -0.225275622720136 20304.33234375 0.533499235330297 24080.165234375 2.31374621112002 21074.28265625 3.12477137941812 21499.3003125 3.96946973787374 21755.284453125 4.85385876954976 18391.875 5.7993790221713 23254.942890625 6.72795571842369
26586.95484375 -0.197848584848924 22079.686484375 0.535533458183308 25731.773359375 2.29619757384529 22716.5059375 3.09041423294068 23258.2425 3.956127949264 23452.050390625 4.84668123326213 20494.232109375 5.79004038823998 24916.829765625 6.72322226605107
28220.61296875 -0.172834640532696 23735.613984375 0.537246659032432 27519.290390625 2.27742442113987 24498.528125 3.05602781202113 24903.8575 3.946483932113 25075.456796875 4.83992351603014 22366.74765625 5.7820886193282 26690.850546875 6.7183479105329
29994.235078125 -0.148732558252065 25451.903046875 0.539664673255253 29291.733671875 2.25901304442069 26283.86921875 3.02696074967715 26644.39453125 3.93822246251589 26749.1503125 4.83352959297472 23995.0490625 5.77587734829012 28484.519296875 6.71356462292511
31786.734609375 -0.128154105504344 27197.175390625 0.541747042861949 30923.293984375 2.24149542169169 27937.62984375 3.00534816481011 28391.796796875 3.93061372369029 28457.697578125 4.82707634895301 25626.307109375 5.77007857359908 30119.558671875 6.70906096373347
33386.47671875 -0.113239350234431 28993.789140625 0.544213183828661 32725.119296875 2.2223430059894 29589.13515625 2.98893105405804 30012.36640625 3.92502142841252 30105.42984375 4.82127093946489 27419.159453125 5.76364125133119 31930.85765625 6.70470057081421
35169.808125 -0.100493211640874 30791.72828125 0.546310749904125 34403.70375 2.20406849553529 31309.681328125 2.97553357332101 31796.571953125 3.91919493065576 31878.43796875 4.81468375470844 29219.5803125 5.75813484230139 33648.6146875 6.70029707501328
36808.91453125 -0.0906189432021691 32430.800546875 0.548399907207778 36177.096875 2.18408224749729 33074.848046875 2.96463908127134 33581.71671875 3.91384772173886 33657.13421875 4.80867314142064 30996.443828125 5.7522138220152 35286.30375 6.69649845835646
38579.82484375 -0.0824478961254452 34167.2996875 0.55079190685194 37801.57296875 2.16553226418171 34722.56546875 2.95705801463202 35218.15921875 3.90958839791036 35407.2884375 4.80285636828988 32768.443515625 5.7466013115511 36936.0040625 6.69267534415084
40203.59890625 -0.0764457414876505 35775.38046875 0.552272255070739 39592.06328125 2.14390586719494 36500.7746875 2.94952842169787 37020.4809375 3.90465180513401 37149.79109375 4.79698851124089 34421.41921875 5.74139127663727 38664.32 6.6887734852013
41993.9521875 -0.072002915193802 37410.4515625 0.554462763213198 41405.81875 2.12220472654796 38301.975 2.94304735658055 38804.91046875 3.90014652578651 38879.3084375 4.79122590996967 36079.25640625 5.73628549150922 40320.11625 6.68494593626434
43633.10171875 -0.0685836107961804 39199.75390625 0.556797894248993 43187.47046875 2.10065783477438 40079.479375 2.93773078926864 40580.9428125 3.89578987945094 40538.3903125 4.78601774929342 37851.96828125 5.73150536366568 42143.694375 6.68074467885151
45424.90546875 -0.0655502368961531 41014.47 0.559035897582699 44839.41265625 2.08124794762441 41729.25765625 2.93278776897906 42401.688125 3.89102893101027 42195.18328125 4.78083425928966 39485.91765625 5.7265474295443 43790.3565625 6.67703093692041
47222.194375 -0.0627850508013425 42898.47765625 0.561749348858204 46609.06375 2.06154390171045 43383.308125 2.92836653762763 44097.26703125 3.88657246259469 44003.8371875 4.77502514148287 41276.19328125 5.72123616263798 45413.35828125 6.67341411346335
48949.63625 -0.061083524402867 44627.47265625 0.563834987101856 48411.20171875 2.04267072181208 45115.3728125 2.9244315971072 45885.1725 3.8823078314552 45778.9846875 4.76948012030527 43015.53421875 5.71602913259096 47214.6128125 6.66954706446055
50578.14375 -0.059297479540715 46459.3325 0.566105096818274 50146.891875 2.02614264282794 46901.65890625 2.92060245487018 47537.05796875 3.87853274908891 47537.60984375 4.76403497952939 44739.6228125 5.71067307807524 48953.45390625 6.66566929654575
52389.7775 -0.0578781852885668 48177.33578125 0.568688339726347 51922.36703125 2.01168178237783 48701.31515625 2.91688295717104 49316.53328125 3.87463433828624 49230.888125 4.75824127527085 46523.26859375 5.70536727987138 50679.9090625 6.66183113242068
54133.77234375 -0.0568641981518303 49801.6403125 0.570385757007259 53789.8846875 1.9983916759101 50434.33234375 2.91363319818424 51111.38375 3.87067016404785 50968.04125 4.7526723712083 48298.58515625 5.70027599499585 52301.47109375 6.6585539701427
55893.77984375 -0.0549656125874735 51513.16109375 0.572699010977858 55588.20265625 1.9869261709767 52057.24140625 2.9105654753478 52826.76921875 3.86678818224296 52603.71 4.7476940004893 50076.9153125 5.69536000993299 54094.7575 6.65487808066512
57624.3365625 -0.0541398225870814 53289.44015625 0.574861832187881 57321.3315625 1.97806141989334 53680.91203125 2.90755422972706 54600.656875 3.86284886288532 54395.66046875 4.74218711230714 51863.87984375 5.69021005812255 55885.2909375 6.65132743562662
59334.04359375 -0.0535572578469079 54923.88453125 0.576961460067411 59116.44265625 1.96964325018784 55469.995 2.90432809097995 56374.045625 3.85897946969508 56055.22734375 4.73710671460969 53526.030625 5.68588133550309 57518.8521875 6.6479769179286
61022.1409375 -0.0529676823087835 56731.15421875 0.57964459062175 60976.63953125 1.96207463039623 57132.5184375 2.90117496875511 58050.9265625 3.85561719293169 57737.1725 4.7319724529133 55301.13046875 5.68087136843194 59254.689375 6.64480294861546
62818.3953125 -0.0518399850123852 58473.5409375 0.582213593273279 62695.15109375 1.95583988651804 58792.548125 2.89840839338463 59783.31859375 3.85209619535098 59491.1384375 4.72678424359597 56934.873125 5.67655604486544 60906.70875 6.64140249520771
64492.6578125 -0.0514731187349586 60129.6175 0.584534032131725 64504.5725 1.94940828893 60448.03609375 2.89561411410777 61405.98828125 3.84861154408454 61220.66421875 4.72150684077834 58582.75609375 5.67192810886513 62537.56109375 6.6383399390491
66239.8140625 -0.0502056065909494 61959.3675 0.587200853004326 66304.1359375 1.94375917224861 62089.66375 2.89283413985904 63205.22453125 3.84497106329329 62995.751875 4.71619942835525 60220.97484375 5.66757121304935 64166.71390625 6.63510440038955
68013.88125 -0.0499180086105396 63676.92671875 0.589489782175026 68025.5128125 1.93952343182108 63817.8175 2.89012259875478 64925.80921875 3.84116533837215 64627.6471875 4.71224571908887 61998.92875 5.66263624626372 65845.91625 6.63177650581144
69711.7234375 -0.0495920317885784 65464.59203125 0.592258862454135 69803.8978125 1.93520522336711 65608.6446875 2.88743608297957 66584.5246875 3.83793426993436 66404.49125 4.7071109455161 63773.17890625 5.65777859966237 67565.4128125 6.62846422612245
71519.5590625 -0.0493382459319164 67116.5534375 0.594718963057654 71585.6928125 1.93153462605026 67383.0178125 2.88450020905295 68361.708125 3.83421669688947 68181.924375 4.70176450182065 65413.33390625 5.65348728658327 69200.0265625 6.62524177753091
73273.444375 -0.0485793663160412 68931.5278125 0.597380026325185 73385.44875 1.92854454691629 69024.420625 2.88218674539536 70148.8065625 3.83048101273099 69818.045625 4.69705202938325 67216.035625 5.64875709674449 70993.878125 6.62174707402357
74902.2453125 -0.0481357465342852 70619.3190625 0.599747168476822 75038.815 1.92557808620147 70813.5125 2.87947229609403 71919.769375 3.82691848773062 71618.00625 4.6916032601692 69005.2765625 5.64384753139137 72632.685 6.61881975828345
76637.0840625 -0.0482441080974677 72357.6359375 0.602527712894928 76749.4278125 1.92260956740054 72538.833125 2.87675011671168 73753.6209375 3.82328925566971 73498.80125 4.6859068740422 70640.240625 5.63951161148549 74371.955 6.61558459519875
78438.8325 -0.0483056270658962 74121.233125 0.605709215809294 78388.1878125 1.9201654446752 74165.219375 2.87444404586634 75390.3303125 3.81972082877284 75218.39875 4.6810439540022 72272.793125 5.63540730353614 75995.7225 6.61241551550018
80115.8015625 -0.0481940917606711 75924.9659375 0.608814761013428 80198.186875 1.91762091746278 75790.7684375 2.87201432580841 77162.155 3.8162445074001 77022.1209375 4.67587580383578 73903.859375 5.63139255164651 77776.8603125 6.60934063607937
81850.800625 -0.0482971795881288 77694.8078125 0.612064339640583 81915.665625 1.9151630073053 77588.518125 2.86938151401473 78792.1659375 3.81313652723441 78742.0590625 4.67114949391822 75689.995 5.6274665764769 79524.5490625 6.60593667893768
83501.31 -0.0483770161946607 79522.4703125 0.615097932307761 83751.7478125 1.91307653091156 79232.7165625 2.86711315634324 80430.575 3.8096500764627 80429.611875 4.66652591470835 77469.0590625 5.62314694823762 81346.3775 6.60267476991393
85201.4409375 -0.0481444067264835 81273.4784375 0.617780649458203 85471.9003125 1.91064084434804 81022.6821875 2.86541688325005 82201.0621875 3.80638829135586 82142.3303125 4.66161570657392 79105.9615625 5.61923541275357 83000.8540625 6.59970735294783
87004.5384375 -0.0479885480466706 82925.0778125 0.621161757188884 87130.886875 1.90897741460208 82810.4375 2.86279227978498 84001.8478125 3.80287044217254 83916.136875 4.65661486382815 80898.7134375 5.61458270208563 84635.1503125 6.59675812064387
88818.70625 -0.0486848586072882 84723.0978125 0.624764028748985 88853.0221875 1.90710402431131 84583.755625 2.86036241075051 85792.4125 3.7993526540139 85722.37375 4.6513493053779 82679.895625 5.60988603542109 86412.4115625 6.59351116646306
90563.31125 -0.04870764061132 86510.796875 0.628744226870307 90627.5196875 1.90503955738638 86387.8859375 2.85804431984499 87423.7621875 3.79606629813386 87466.026875 4.64671169035065 84463.05125 5.60549337408808 88189.22125 6.59054439408129
92272.891875 -0.0482209407930283 88280.20625 0.632097348055487 92344.8746875 1.90348146438249 88174.3259375 2.85508895833078 89238.803125 3.79210523099028 89266.020625 4.64192422964045 86096.31625 5.60123325018417 89967.2996875 6.58729778781343
93932.615625 -0.0483805681381201 89932.3034375 0.635589739338952 93984.9946875 1.9019949907856 89951.010625 2.85279431357346 90958.1515625 3.78886759228879 90914.0159375 4.63720267610598 87703.7003125 5.59726764265229 91591.6584375 6.58450460972054
95637.22125 -0.0479436714060769 91747.0721875 0.639347366038715 95805.429375 1.90064160089375 91598.598125 2.85063917203963 92566.0359375 3.78572510324341 92716.423125 4.63221472498445 89512.0096875 5.5929577446109 93228.99 6.5817149140337
97265.84 -0.0478825793886395 93392.92625 0.643095852335886 97581.37625 1.89919804881689 93417.04875 2.84819531001069 94182.9259375 3.78261222462561 94452.393125 4.62765027239495 91236.706875 5.58862106343886 95032.960625 6.57839117451194
98955.93125 -0.04841752580104 95189.994375 0.647216384371531 99211.4228125 1.89779018779069 95151.0709375 2.84531635685573 95832.2803125 3.77955298901514 96088.4346875 4.62301167860947 92861.9028125 5.58459756869424 96794.6878125 6.5757763337652
100841.191875 -0.0488323100742258 96921.9671875 0.651266123684565 100994.3284375 1.89642788587143 96808.845 2.84291577306075 97476.876875 3.77594337840832 97888.67375 4.6182149994429 94478.0125 5.58068106185775 98580.77625 6.57256946217574
103070.9678125 -0.0487386534271212 98628.9521875 0.655056695738916 102663.66 1.89508581649566 98594.6178125 2.84059603861135 99120.6571875 3.77291183042886 99541.05625 4.6135996443663 96120.59125 5.57660917608197 100354.62875 6.56966013607611
104707.73375 -0.0482685758278539 100323.518125 0.658693543930043 104294.1596875 1.89368319703272 100234.4325 2.83826589154733 100891.2221875 3.76972506003416 101204.2253125 4.60900564456562 97816.088125 5.57271943307164 101985.1625 6.56668677944058
106506.3228125 -0.0482478519638513 102102.2653125 0.662121049711011 106011.3225 1.89216362934765 101880.42125 2.83590319591181 102539.569375 3.76654996029352 103005.75875 4.6042162583028 99602.3684375 5.56850384023173 103819.705 6.56334207362465
108278.44375 -0.0485034076394135 103730.44375 0.665467863762911 107793.2328125 1.8911305155942 103662.351875 2.83410854841737 104269.1046875 3.76365581162736 104758.7609375 4.59929419803447 101216.301875 5.56454643692836 105556.6509375 6.56017926420362
109926.0934375 -0.0487156549746002 105442.2115625 0.668721314208497 109436.654375 1.89000783107232 105282.9034375 2.83201515500146 105874.6759375 3.76094719829961 106405.56625 4.5947527270377 103003.17375 5.56045581526082 107190.5953125 6.55726515333622
111720.1096875 -0.0495379399681473 107248.844375 0.672437236333231 111073.3696875 1.88925820923123 106910.2071875 2.8297468904659 107491.02375 3.75785471284845 108199.3415625 4.59011738366382 104699.871875 5.55637023295346 108798.1175 6.55478167429332
113450.5490625 -0.0503874602368567 108886.84875 0.675402715864764 112696.295625 1.88849553628033 108712.3903125 2.82750446402248 109120.3146875 3.75493567296796 109979.9515625 4.58520698440702 106502.25625 5.55218540124387 110571.4084375 6.55187463525814
115128.310625 -0.05131567975329 110677 0.6790420153993 114540.468125 1.88726473337953 110424.0390625 2.82523959846587 110915.6215625 3.75163992539809 111815.7125 4.5801983037045 108285.2190625 5.54810303477532 112217.39375 6.54932112011416
116911.954375 -0.0514876056792036 112476.7059375 0.68213092167553 116246.378125 1.88630237706764 112202.770625 2.82259626674086 112707.8275 3.748157627666 113535.5353125 4.57571293464262 109911.7221875 5.54436656148666 113984.083125 6.54647315298712
118638.5896875 -0.0515075423721261 114128.9603125 0.68490752597726 117972.168125 1.88555594279283 113973.57125 2.82049534193941 114490.22125 3.74495184897805 115336.42125 4.5708338053602 111759.563125 5.53986431758674 115596.7915625 6.54376742995846
120010.3540625 -0.0520294205891881 115764.716875 0.687952837456306 119713.1446875 1.88467963229316 115610.845625 2.81853598416651 116284.1525 3.7416820856432 117101.063125 4.56623395525325 113508.0284375 5.53584317709903 117372.8896875 6.54078849506743
119998.6203125 -0.0520839465988349 117405.315 0.69075375899395 120005.93625 1.88440907117955 117398.44625 2.81606470844956 117987.8125 3.7385595441666 118848.2828125 4.56169811880823 115239.2071875 5.53196232062956 119052.02375 6.53781864511856
119998.453125 -- 119137.3303125 0.693292054126361 -- -- 119184.1578125 2.81485964884035 119616.9528125 3.73584652758994 120018.8721875 4.55875958717337 117002.375625 5.52776387713189 120044.4596875 6.53613253069163
-- -- 120043.406875 0.695025729952605 -- -- 120045.1834375 2.81371567567456 120005.3278125 3.73528097630354 120001.1328125 4.55868728596442 118765.080625 5.52360173188519 120001.3515625 6.53622290289916
-- -- 119999.0859375 -- -- -- 120001.0703125 -- 119999.5859375 -- 120001.1328125 -- 120002.2171875 5.52074100832766 120001.3515625 --
